*******************Nano Measurer 1.2.5*******************
********************************************************
==================Basic report==================
Total	35
Max./um	90.45
Min./um	25.08
Mean/um	62.02
No.	Particle size/um
1	80.10	
2	78.27	
3	78.09	
4	71.12	
5	72.34	
6	66.15	
7	67.51	
8	69.59	
9	80.44	
10	74.67	
11	90.45	
12	76.49	
13	54.56	
14	50.03	
15	64.31	
16	75.07	
17	77.95	
18	82.21	
19	68.49	
20	77.83	
21	65.73	
22	73.57	
23	68.80	
25	41.63	
26	68.24	
27	64.58	
28	32.60	
29	29.44	
30	32.62	
31	25.08	
32	31.57	
33	33.78	
34	30.78	
35	84.65	
36	31.97	
===============Statistical report===============
Distr./um	Mean/um	Amount	Freq.
25-31.6	28.3	4	11.43%
31.6-38.2	34.9	4	11.43%
38.2-44.8	41.5	1	2.86%
44.8-51.4	48.1	1	2.86%
51.4-58	54.7	1	2.86%
58-64.6	61.3	2	5.71%
64.6-71.2	67.89999	8	22.86%
71.2-77.8	74.5	5	14.29%
77.8-84.39999	81.1	7	20.00%
84.39999-91	87.7	2	5.71%
********************************************************

