*******************Nano Measurer 1.2.5*******************
********************************************************
==================Basic report==================
Total	58
Max./um	227.55
Min./um	16.70
Mean/um	114.32
No.	Particle size/um
1	111.53	
2	106.08	
3	200.92	
4	118.49	
5	108.73	
6	184.52	
7	227.55	
8	173.11	
9	127.95	
10	148.30	
11	53.41	
12	195.27	
13	157.16	
14	198.12	
15	122.84	
16	150.37	
17	75.58	
18	157.64	
19	69.80	
20	159.76	
21	16.70	
22	147.22	
23	73.57	
24	106.82	
25	197.92	
26	92.13	
27	107.03	
28	83.27	
29	77.18	
30	183.66	
31	88.64	
32	67.58	
33	150.88	
34	169.53	
36	45.98	
37	148.20	
38	54.48	
39	222.77	
40	126.54	
41	85.08	
42	35.82	
43	47.76	
44	55.14	
45	96.91	
46	129.06	
47	134.97	
48	114.35	
49	30.21	
50	29.38	
51	184.34	
52	196.60	
53	194.31	
54	28.18	
55	31.75	
56	50.42	
57	84.09	
58	35.87	
59	59.34	
===============Statistical report===============
Distr./um	Mean/um	Amount	Freq.
16-37.2	26.6	7	12.07%
37.2-58.4	47.8	6	10.34%
58.4-79.60001	69	6	10.34%
79.60001-100.8	90.2	6	10.34%
100.8-122	111.4	7	12.07%
122-143.2	132.6	5	8.62%
143.2-164.4	153.8	8	13.79%
164.4-185.6	175	5	8.62%
185.6-206.8	196.2	6	10.34%
206.8-228	217.4	2	3.45%
********************************************************
 
