*******************Nano Measurer 1.2.5*******************
********************************************************
==================Basic report==================
Total	73
Max./um	64.36
Min./um	14.72
Mean/um	31.40
No.	Particle size/um
1	29.40	
2	57.10	
3	15.65	
4	16.44	
5	16.11	
6	15.20	
7	24.50	
8	19.99	
9	42.70	
10	28.74	
11	33.59	
12	47.67	
13	38.96	
14	50.68	
15	64.36	
16	25.73	
17	30.97	
18	39.20	
19	38.85	
20	34.02	
21	47.94	
22	45.50	
23	52.10	
24	53.27	
25	47.28	
26	36.49	
27	25.99	
28	17.89	
29	14.72	
30	18.73	
31	16.86	
32	24.24	
33	31.28	
34	39.29	
35	17.19	
36	34.98	
37	42.29	
38	17.64	
39	30.34	
40	25.28	
41	32.88	
42	24.75	
43	23.04	
44	22.67	
45	34.83	
46	22.89	
47	29.34	
48	37.63	
49	34.78	
50	32.09	
51	25.34	
52	18.86	
53	24.86	
54	31.60	
55	34.12	
56	20.66	
57	22.31	
58	39.63	
59	36.46	
60	26.03	
61	26.00	
62	28.70	
63	22.38	
64	29.13	
65	26.60	
66	37.04	
67	27.28	
68	32.23	
69	30.04	
70	42.19	
71	41.74	
72	26.86	
73	37.90	
===============Statistical report===============
Distr./um	Mean/um	Amount	Freq.
14-19.1	16.55	11	15.07%
19.1-24.2	21.65	7	9.59%
24.2-29.3	26.75	16	21.92%
29.3-34.4	31.85	13	17.81%
34.4-39.5	36.95	12	16.44%
39.5-44.6	42.05	5	6.85%
44.6-49.7	47.15	4	5.48%
49.7-54.8	52.25	3	4.11%
54.8-59.9	57.35	1	1.37%
59.9-65	62.45	1	1.37%
********************************************************
