*******************Nano Measurer 1.2.5*******************
********************************************************
==================Basic report==================
Total	71
Max./um	88.45
Min./um	17.38
Mean/um	47.33
No.	Particle size/um
1	28.66	
2	88.45	
3	77.52	
4	56.03	
5	58.94	
6	46.30	
7	73.96	
8	50.89	
9	68.18	
10	69.84	
11	62.82	
12	45.61	
13	30.83	
14	45.99	
15	53.74	
16	46.67	
17	53.22	
18	69.76	
19	43.68	
20	34.71	
21	44.44	
22	52.17	
23	36.10	
24	69.24	
25	65.61	
26	54.95	
27	56.34	
28	40.88	
29	69.60	
30	51.56	
31	38.42	
32	37.81	
33	42.66	
34	44.85	
35	50.34	
36	45.51	
37	68.09	
38	47.98	
39	59.42	
40	30.96	
41	29.76	
42	41.90	
43	35.89	
44	69.47	
45	17.38	
46	44.18	
47	41.98	
48	28.21	
49	36.87	
50	45.85	
51	24.06	
52	21.68	
53	42.79	
54	37.05	
55	47.93	
56	55.79	
57	33.00	
58	38.06	
59	55.10	
60	39.91	
61	25.22	
62	44.19	
63	56.57	
64	39.88	
65	33.97	
66	43.53	
67	58.66	
68	52.22	
69	36.77	
70	34.26	
71	35.88	
===============Statistical report===============
Distr./um	Mean/um	Amount	Freq.
17-24.2	20.6	3	4.23%
24.2-31.4	27.8	6	8.45%
31.4-38.6	35	13	18.31%
38.6-45.8	42.2	15	21.13%
45.8-53	49.4	11	15.49%
53-60.2	56.6	11	15.49%
60.2-67.39999	63.8	2	2.82%
67.39999-74.6	71	8	11.27%
74.6-81.8	78.2	1	1.41%
81.8-89	85.39999	1	1.41%
********************************************************
