*******************Nano Measurer 1.2.5*******************
********************************************************
==================Basic report==================
Total	90
Max./um	18.51
Min./um	5.71
Mean/um	10.51
No.	Particle size/um
1	13.50	
2	11.66	
3	12.80	
4	12.72	
5	10.98	
6	13.90	
7	12.44	
8	13.44	
9	12.93	
10	9.27	
11	13.99	
12	17.04	
13	11.74	
14	12.44	
15	14.19	
16	18.51	
17	9.76	
18	13.78	
19	11.78	
20	10.20	
21	9.12	
22	8.16	
23	8.01	
24	7.74	
25	13.13	
26	9.67	
27	11.58	
28	6.61	
29	8.55	
30	8.37	
31	13.15	
32	12.25	
33	5.85	
34	8.52	
35	6.82	
36	5.83	
37	10.46	
38	9.24	
39	10.92	
40	10.61	
41	7.86	
42	9.59	
43	7.80	
44	10.52	
45	9.64	
46	13.04	
47	7.67	
48	8.98	
49	7.80	
50	9.52	
51	7.67	
52	7.67	
53	8.74	
54	9.60	
55	7.72	
56	6.77	
57	5.83	
58	6.72	
59	5.71	
60	6.03	
61	9.19	
62	8.63	
63	13.13	
64	9.54	
65	9.93	
66	10.20	
67	11.22	
68	11.69	
69	12.19	
70	18.07	
71	16.48	
72	14.65	
73	8.86	
74	9.27	
75	17.29	
76	13.05	
77	16.56	
78	8.48	
79	10.78	
80	9.32	
81	11.51	
82	9.42	
83	10.94	
84	8.80	
85	11.33	
86	10.84	
87	8.33	
88	11.17	
89	11.74	
90	6.67	
===============Statistical report===============
Distr./um	Mean/um	Amount	Freq.
5-6.4	5.7	5	5.56%
6.4-7.8	7.1	10	11.11%
7.8-9.2	8.5	17	18.89%
9.2-10.6	9.9	17	18.89%
10.6-12	11.3	16	17.78%
12-13.4	12.7	12	13.33%
13.4-14.8	14.1	7	7.78%
14.8-16.2	15.5	0	0.00%
16.2-17.6	16.9	4	4.44%
17.6-19	18.3	2	2.22%
********************************************************
 