*******************Nano Measurer 1.2.5*******************
********************************************************
==================Basic report==================
Total	35
Max./um	177.68
Min./um	64.96
Mean/um	112.90
No.	Particle size/um
1	102.64	
2	139.82	
3	149.70	
4	177.68	
5	155.15	
6	128.51	
7	125.67	
8	107.97	
9	97.65	
10	102.35	
11	127.09	
12	114.52	
13	115.93	
14	97.66	
15	117.60	
16	112.61	
17	118.49	
18	103.07	
19	105.47	
20	111.38	
21	126.94	
22	125.33	
23	140.52	
24	94.13	
25	86.31	
26	92.30	
27	75.66	
28	100.68	
29	66.40	
30	64.96	
31	83.40	
32	98.02	
33	116.56	
34	107.33	
35	161.92	
===============Statistical report===============
Distr./um	Mean/um	Amount	Freq.
64-75.4	69.7	2	5.71%
75.4-86.8	81.10001	3	8.57%
86.8-98.2	92.5	5	14.29%
98.2-109.6	103.9	7	20.00%
109.6-121	115.3	7	20.00%
121-132.4	126.7	5	14.29%
132.4-143.8	138.1	2	5.71%
143.8-155.2	149.5	2	5.71%
155.2-166.6	160.9	1	2.86%
166.6-178	172.3	1	2.86%
********************************************************
