*******************Nano Measurer 1.2.5*******************
********************************************************
==================Basic report==================
Total	112
Max./nm	243.13
Min./nm	81.94
Mean/nm	129.03
No.	Particle size/nm
1	91.56	
2	114.62	
3	168.16	
4	143.29	
5	105.86	
6	133.77	
7	132.67	
8	121.46	
9	96.98	
10	118.59	
11	130.13	
12	132.98	
13	94.63	
14	89.75	
15	97.90	
16	127.83	
17	90.22	
18	154.25	
19	91.96	
20	113.36	
21	125.94	
22	217.60	
23	175.34	
24	173.17	
25	151.84	
26	164.51	
27	210.60	
28	171.82	
29	185.01	
30	150.01	
31	115.57	
32	138.10	
33	157.70	
34	107.20	
35	107.83	
36	83.48	
37	120.92	
38	128.93	
39	102.51	
40	123.13	
41	113.36	
42	99.74	
43	151.81	
44	96.53	
45	152.14	
46	118.59	
47	147.77	
48	139.09	
49	94.87	
50	135.33	
51	90.27	
52	95.05	
53	100.61	
54	102.42	
55	104.86	
56	125.54	
57	120.08	
58	137.52	
59	121.68	
60	106.15	
61	112.54	
62	138.10	
63	105.16	
64	162.90	
65	119.00	
66	171.99	
67	154.95	
68	165.69	
69	194.99	
70	123.42	
71	99.71	
72	130.06	
73	132.05	
74	190.27	
75	126.74	
76	96.05	
77	104.08	
78	123.13	
79	131.44	
80	168.20	
81	243.13	
82	127.32	
83	118.71	
84	144.48	
85	85.96	
86	153.29	
87	118.98	
88	118.20	
89	102.27	
90	118.68	
91	107.57	
92	136.13	
93	100.43	
94	121.35	
95	116.28	
96	143.84	
97	122.89	
98	100.93	
99	138.44	
100	175.43	
101	158.86	
102	108.11	
103	138.55	
104	150.01	
105	104.49	
106	103.41	
107	138.38	
108	81.94	
109	125.94	
110	110.46	
111	121.30	
112	150.68	
===============Statistical report===============
Distr./nm	Mean/nm	Amount	Freq.
81-97.3	89.15	14	12.50%
97.3-113.6	105.45	24	21.43%
113.6-129.9	121.75	27	24.11%
129.9-146.2	138.05	19	16.96%
146.2-162.5	154.35	12	10.71%
162.5-178.8	170.65	10	8.93%
178.8-195.1	186.95	3	2.68%
195.1-211.4	203.25	1	0.89%
211.4-227.7	219.55	1	0.89%
227.7-244	235.85	1	0.89%
********************************************************
 
