*******************Nano Measurer 1.2.5*******************
********************************************************
==================Basic report==================
Total	112
Max./nm	84.70
Min./nm	18.97
Mean/nm	39.20
No.	Particle size/nm
1	84.70	
2	66.85	
3	49.87	
4	29.81	
5	52.28	
6	50.24	
7	47.96	
8	34.48	
9	53.58	
10	51.25	
11	39.25	
12	53.33	
13	41.15	
14	56.56	
15	54.17	
16	47.31	
17	34.48	
18	39.59	
19	48.73	
20	38.52	
21	41.78	
22	41.74	
23	37.63	
24	57.66	
25	46.13	
26	55.47	
27	41.41	
28	42.63	
29	57.12	
30	43.27	
31	40.68	
32	60.68	
33	28.20	
34	22.46	
35	23.96	
36	36.21	
37	31.22	
38	40.56	
39	34.09	
40	43.34	
41	52.56	
42	58.80	
43	35.60	
44	48.00	
45	29.25	
46	22.97	
47	34.56	
48	32.39	
49	60.07	
50	41.88	
51	54.64	
52	26.79	
53	24.11	
54	24.54	
55	31.67	
56	26.83	
57	24.34	
58	23.51	
59	25.04	
60	22.56	
61	22.94	
62	29.06	
63	24.11	
64	34.54	
65	31.40	
66	29.61	
67	50.28	
68	58.39	
69	44.79	
70	31.46	
71	39.38	
72	30.27	
73	22.31	
74	26.95	
75	41.87	
76	30.17	
77	37.37	
78	43.27	
79	30.11	
80	34.99	
81	29.25	
82	44.92	
83	38.87	
84	44.57	
85	29.94	
86	47.38	
87	42.58	
88	51.94	
89	72.55	
90	34.11	
91	36.24	
92	51.27	
93	55.13	
94	29.06	
95	24.92	
96	51.12	
97	37.37	
98	25.43	
99	33.43	
100	32.62	
101	34.02	
102	34.88	
103	26.77	
104	32.33	
105	24.44	
106	30.08	
107	39.13	
108	18.97	
109	22.56	
110	52.84	
111	31.38	
112	37.11	
===============Statistical report===============
Distr./nm	Mean/nm	Amount	Freq.
18-24.7	21.35	14	12.50%
24.7-31.4	28.05	21	18.75%
31.4-38.1	34.75	23	20.54%
38.1-44.8	41.45	21	18.75%
44.8-51.5	48.15	13	11.61%
51.5-58.2	54.85	13	11.61%
58.2-64.89999	61.55	4	3.57%
64.89999-71.6	68.25	1	0.89%
71.6-78.3	74.95	1	0.89%
78.3-85	81.65	1	0.89%
********************************************************
 
