*******************Nano Measurer 1.2.5*******************
********************************************************
==================Basic report==================
Total	36
Max./um	7.99
Min./um	2.94
Mean/um	5.54
No.	Particle size/um
1	7.99	
2	7.16	
3	6.15	
4	5.59	
6	6.48	
7	5.80	
8	6.23	
9	5.96	
10	5.05	
11	5.81	
12	4.14	
13	6.83	
14	5.76	
15	7.03	
16	5.95	
17	6.21	
18	5.84	
19	7.20	
20	6.21	
21	6.49	
22	5.65	
23	5.60	
24	5.21	
25	4.35	
26	6.54	
27	4.18	
28	4.21	
29	7.54	
30	4.89	
31	4.27	
32	5.56	
33	2.94	
34	4.55	
35	3.29	
36	3.88	
37	2.98	
===============Statistical report===============
Distr./um	Mean/um	Amount	Freq.
2-2.6	2.3	0	0.00%
2.6-3.2	2.9	2	5.56%
3.2-3.8	3.5	1	2.78%
3.8-4.4	4.1	6	16.67%
4.4-5	4.7	2	5.56%
5-5.6	5.3	5	13.89%
5.6-6.2	5.900001	8	22.22%
6.2-6.8	6.5	6	16.67%
6.8-7.4	7.1	4	11.11%
7.4-8	7.7	2	5.56%
********************************************************
 