*******************Nano Measurer 1.2.5*******************
********************************************************
==================Basic report==================
Total	55
Max./um	21.18
Min./um	7.69
Mean/um	14.56
No.	Particle size/um
1	14.55	
2	16.36	
3	12.41	
4	12.31	
5	10.49	
6	14.62	
7	16.20	
8	16.20	
9	14.49	
10	14.29	
11	16.07	
12	21.18	
13	14.00	
14	11.15	
15	13.23	
16	13.58	
17	10.71	
18	15.12	
19	10.26	
20	10.56	
21	13.12	
22	16.20	
23	16.36	
24	17.31	
25	18.38	
26	15.26	
27	15.77	
28	19.30	
29	17.70	
30	14.99	
31	12.99	
32	14.66	
33	15.18	
34	11.01	
35	13.53	
36	7.69	
37	9.45	
38	20.33	
39	19.46	
40	13.88	
41	12.61	
42	16.64	
43	15.24	
44	12.41	
45	15.26	
46	14.72	
47	14.98	
48	15.45	
49	14.94	
50	15.15	
51	17.06	
52	9.54	
53	18.57	
54	14.40	
55	13.54	
===============Statistical report===============
Distr./um	Mean/um	Amount	Freq.
7-8.5	7.75	1	1.82%
8.5-10	9.25	2	3.64%
10-11.5	10.75	6	10.91%
11.5-13	12.25	5	9.09%
13-14.5	13.75	10	18.18%
14.5-16	15.25	15	27.27%
16-17.5	16.75	9	16.36%
17.5-19	18.25	3	5.45%
19-20.5	19.75	3	5.45%
20.5-22	21.25	1	1.82%
********************************************************
 