*******************Nano Measurer 1.2.5*******************
********************************************************
==================Basic report==================
Total	54
Max./um	53.85
Min./um	0.67
Mean/um	18.69
No.	Particle size/um
2	43.05	
3	8.41	
4	38.43	
5	40.22	
6	42.60	
7	44.98	
8	38.11	
9	14.97	
10	35.37	
11	44.27	
12	24.64	
13	23.40	
14	33.31	
15	18.06	
16	52.71	
17	7.40	
18	35.40	
19	23.90	
20	0.90	
21	10.46	
22	17.90	
23	20.78	
24	10.77	
25	10.35	
26	10.46	
27	8.18	
28	11.02	
29	13.14	
30	10.03	
31	7.69	
32	7.62	
33	19.28	
34	13.86	
35	11.91	
36	22.89	
37	0.67	
38	19.13	
39	11.58	
40	17.20	
41	6.73	
42	9.06	
43	6.77	
44	6.76	
45	7.41	
46	6.76	
47	6.76	
48	4.76	
49	5.55	
50	11.04	
51	53.85	
52	7.28	
53	12.95	
54	9.64	
55	28.75	
===============Statistical report===============
Distr./um	Mean/um	Amount	Freq.
0-5.4	2.7	3	5.56%
5.4-10.8	8.1	20	37.04%
10.8-16.2	13.5	8	14.81%
16.2-21.6	18.9	6	11.11%
21.6-27	24.3	4	7.41%
27-32.4	29.7	1	1.85%
32.4-37.8	35.1	3	5.56%
37.8-43.2	40.5	5	9.26%
43.2-48.6	45.9	2	3.70%
48.6-54	51.3	2	3.70%
********************************************************
