*******************Nano Measurer 1.2.5*******************
********************************************************
==================Basic report==================
Total	77
Max./um	11.94
Min./um	1.32
Mean/um	3.10
No.	Particle size/um
1	3.20	
2	3.07	
3	7.62	
4	3.62	
5	4.00	
6	1.89	
7	6.80	
9	3.71	
10	9.11	
11	2.29	
12	3.73	
13	3.04	
14	2.93	
15	2.53	
16	3.04	
17	2.00	
18	2.20	
19	3.29	
20	1.78	
21	1.33	
22	1.74	
23	4.97	
24	2.87	
25	1.89	
26	2.48	
27	5.46	
28	2.62	
29	1.52	
30	3.13	
31	3.29	
32	5.73	
33	3.64	
34	3.62	
35	3.13	
36	2.62	
37	2.82	
38	3.58	
39	2.33	
40	1.94	
41	3.84	
42	11.94	
43	3.97	
44	1.32	
45	3.74	
46	3.07	
47	6.24	
48	4.44	
49	2.20	
50	2.20	
51	2.53	
52	2.27	
53	4.71	
54	1.37	
55	1.68	
56	3.69	
57	1.57	
58	1.97	
59	2.61	
60	2.55	
61	1.49	
62	2.25	
63	2.18	
64	1.90	
65	1.49	
66	3.58	
67	1.67	
68	2.28	
69	2.29	
70	2.54	
71	1.62	
72	2.59	
73	2.39	
74	2.20	
75	1.40	
76	2.18	
77	3.44	
78	2.88	
===============Statistical report===============
Distr./um	Mean/um	Amount	Freq.
1-2.1	1.55	19	24.68%
2.1-3.2	2.65	32	41.56%
3.2-4.3	3.75	16	20.78%
4.3-5.4	4.85	3	3.90%
5.4-6.5	5.95	3	3.90%
6.5-7.6	7.05	1	1.30%
7.6-8.700001	8.150001	1	1.30%
8.700001-9.8	9.25	1	1.30%
9.8-10.9	10.35	0	0.00%
10.9-12	11.45	1	1.30%
********************************************************
 
