*******************Nano Measurer 1.2.5*******************
********************************************************
==================Basic report==================
Total	49
Max./um	870.06
Min./um	60.52
Mean/um	302.29
No.	Particle size/um
1	297.14	
2	387.20	
3	381.28	
4	272.78	
5	162.46	
6	218.25	
7	550.31	
8	634.52	
9	461.79	
10	194.77	
11	273.57	
12	246.14	
13	339.39	
14	626.77	
15	634.64	
16	236.32	
17	529.31	
18	547.45	
19	413.78	
20	120.09	
21	137.63	
22	191.86	
23	658.82	
24	492.98	
25	202.25	
26	199.15	
27	138.95	
28	161.55	
29	65.19	
30	268.37	
31	60.52	
32	103.05	
33	574.86	
34	870.06	
35	279.45	
36	138.53	
37	98.71	
38	267.17	
39	282.58	
40	195.88	
41	355.32	
42	217.69	
43	106.04	
44	136.12	
45	187.54	
46	170.87	
47	198.55	
48	306.10	
49	218.48	
===============Statistical report===============
Distr./um	Mean/um	Amount	Freq.
60-141.1	100.55	10	20.41%
141.1-222.2	181.65	13	26.53%
222.2-303.3	262.75	9	18.37%
303.3-384.4	343.85	4	8.16%
384.4-465.5	424.95	3	6.12%
465.5-546.6	506.05	2	4.08%
546.6-627.7	587.15	4	8.16%
627.7-708.8	668.25	3	6.12%
708.8-789.9	749.35	0	0.00%
789.9-871	830.45	1	2.04%
********************************************************
 