*******************Nano Measurer 1.2.5*******************
********************************************************
==================Basic report==================
Total	391
Max./um	357.04
Min./um	4.30
Mean/um	88.98
No.	Particle size/um
1	115.32	
2	54.38	
3	56.74	
4	73.53	
5	81.47	
6	133.16	
7	67.85	
8	32.11	
9	46.34	
10	138.38	
11	178.10	
12	90.74	
13	242.62	
14	107.84	
15	84.06	
16	221.04	
17	131.64	
18	64.92	
19	101.55	
20	171.54	
21	262.09	
22	92.84	
23	91.20	
24	114.23	
25	38.55	
26	40.85	
27	131.48	
28	74.92	
29	62.46	
30	105.13	
31	91.20	
32	88.61	
33	210.05	
34	204.21	
35	131.35	
36	36.36	
37	111.26	
38	68.26	
39	63.01	
40	216.22	
41	169.52	
42	124.60	
43	148.31	
44	95.01	
45	82.31	
46	105.47	
47	67.59	
48	51.25	
49	85.56	
50	65.20	
51	64.22	
52	100.39	
53	36.43	
54	51.96	
55	41.32	
56	110.46	
57	141.23	
58	47.31	
59	123.03	
60	357.04	
61	234.86	
62	154.21	
63	73.31	
64	37.52	
65	39.49	
66	107.58	
67	167.32	
68	136.83	
69	73.48	
70	165.04	
71	38.06	
72	73.31	
73	50.10	
74	201.97	
75	73.46	
76	222.60	
77	154.01	
78	113.42	
79	77.45	
80	181.59	
81	254.89	
82	46.26	
83	65.47	
84	203.73	
85	33.97	
86	62.43	
87	71.41	
88	262.91	
89	236.79	
90	225.16	
91	78.09	
92	252.88	
93	144.49	
94	160.28	
95	125.14	
96	79.22	
97	49.07	
98	42.36	
99	219.29	
100	69.03	
101	87.44	
102	31.72	
103	85.61	
104	26.22	
105	220.35	
106	238.48	
107	117.61	
108	99.93	
109	154.75	
110	133.80	
111	245.95	
112	74.46	
113	211.40	
114	196.41	
115	216.64	
116	85.96	
117	73.52	
118	103.99	
119	88.39	
120	291.95	
121	53.05	
122	45.10	
123	80.51	
124	29.21	
125	93.27	
126	156.81	
127	88.99	
128	35.42	
129	42.79	
130	102.85	
131	117.23	
132	163.18	
133	70.14	
134	36.58	
135	106.65	
136	184.06	
137	151.33	
138	94.95	
139	112.55	
140	167.62	
141	69.35	
142	40.86	
143	141.65	
144	219.01	
145	127.78	
146	108.38	
147	34.97	
148	179.45	
149	36.52	
150	52.83	
151	69.41	
152	28.25	
153	67.45	
154	105.76	
155	73.16	
156	75.22	
157	104.88	
158	99.02	
159	30.15	
160	54.89	
161	78.99	
162	36.45	
163	57.84	
164	154.36	
165	62.62	
166	42.79	
167	94.74	
168	43.50	
169	39.96	
170	40.53	
171	34.71	
172	34.64	
173	53.82	
174	59.72	
175	94.22	
176	61.99	
177	88.30	
178	69.28	
179	24.49	
180	71.53	
181	47.70	
182	29.21	
183	34.97	
184	20.26	
185	61.14	
186	87.68	
187	138.63	
188	58.62	
189	135.45	
190	87.44	
191	25.05	
192	42.53	
193	15.64	
194	150.83	
195	77.13	
196	65.33	
197	62.56	
198	49.02	
199	18.48	
200	19.80	
201	10.74	
202	52.44	
203	47.16	
204	140.82	
205	127.73	
206	91.77	
207	94.15	
208	18.48	
209	91.77	
210	116.88	
211	52.84	
212	30.76	
213	137.36	
214	46.92	
215	156.39	
216	143.35	
217	95.13	
218	161.26	
219	115.26	
220	68.27	
221	49.97	
222	6.79	
223	9.11	
224	18.48	
225	32.22	
226	12.52	
227	36.45	
228	131.71	
229	40.53	
230	51.24	
231	26.57	
232	104.90	
233	40.87	
234	29.84	
235	48.98	
236	61.96	
237	15.19	
238	32.85	
239	19.45	
240	36.76	
241	83.55	
242	60.18	
243	17.32	
244	34.71	
245	47.69	
246	53.88	
247	28.90	
248	36.45	
249	71.16	
250	107.85	
251	62.62	
252	30.98	
253	34.63	
254	39.50	
255	57.98	
256	60.18	
257	43.22	
258	133.46	
259	83.56	
260	36.51	
261	116.87	
262	197.18	
263	144.30	
264	48.70	
265	33.96	
266	190.76	
267	84.03	
268	280.38	
269	216.61	
270	88.56	
271	79.92	
272	157.79	
273	163.58	
274	83.42	
275	131.52	
276	59.71	
277	88.61	
278	115.62	
279	62.55	
280	25.77	
281	132.68	
282	72.05	
283	133.69	
284	73.18	
285	53.14	
286	123.75	
287	54.37	
288	130.93	
289	94.35	
290	79.00	
291	84.66	
292	36.97	
293	39.63	
294	124.93	
295	168.56	
296	101.88	
297	169.35	
298	82.68	
299	115.62	
300	147.84	
301	56.03	
302	179.50	
303	27.52	
304	73.44	
305	185.57	
306	100.62	
307	246.04	
308	76.02	
309	65.43	
310	72.92	
311	36.46	
312	319.00	
313	48.61	
314	145.85	
315	205.59	
316	222.46	
317	90.36	
318	49.00	
319	89.42	
320	128.79	
321	96.10	
322	105.71	
323	131.52	
324	151.39	
325	91.15	
326	106.33	
327	36.46	
328	77.49	
329	219.75	
330	8.60	
331	67.96	
332	24.31	
333	17.72	
334	34.64	
335	115.28	
336	90.32	
337	137.55	
338	83.01	
339	83.44	
340	108.76	
341	182.30	
342	33.56	
343	38.44	
344	76.12	
345	73.58	
346	57.31	
347	45.68	
348	61.54	
349	23.15	
350	25.79	
351	45.68	
352	117.31	
353	40.53	
354	39.61	
355	33.56	
356	43.83	
357	54.37	
358	119.67	
359	53.17	
360	34.63	
361	48.06	
362	36.72	
363	27.51	
364	48.05	
365	36.70	
366	46.47	
367	27.19	
368	30.07	
369	9.61	
370	26.13	
371	23.14	
372	32.72	
373	34.65	
374	46.29	
375	13.58	
376	9.61	
377	15.49	
378	4.30	
379	15.49	
380	21.48	
381	8.59	
382	30.07	
383	17.18	
384	17.18	
385	13.58	
386	25.77	
387	9.61	
388	45.68	
389	32.72	
390	15.50	
391	33.56	
===============Statistical report===============
Distr./um	Mean/um	Amount	Freq.
4-39.4	21.7	91	23.27%
39.4-74.8	57.1	111	28.39%
74.8-110.2	92.5	76	19.44%
110.2-145.6	127.9	48	12.28%
145.6-181	163.3	27	6.91%
181-216.4	198.7	14	3.58%
216.4-251.8	234.1	16	4.09%
251.8-287.2	269.5	5	1.28%
287.2-322.6	304.9	2	0.51%
322.6-358	340.3	1	0.26%
********************************************************

