*******************Nano Measurer 1.2.5*******************
********************************************************
==================Basic report==================
Total	131
Max./um	848.29
Min./um	57.07
Mean/um	330.02
No.	Particle size/um
1	181.97	
2	209.74	
3	194.52	
4	312.04	
5	278.28	
6	108.34	
7	323.78	
8	305.20	
9	271.75	
10	227.46	
11	540.41	
12	328.78	
13	311.15	
14	357.05	
15	321.30	
16	529.75	
17	193.41	
18	428.15	
19	231.66	
20	391.29	
21	301.69	
22	504.14	
23	498.07	
24	655.61	
25	474.37	
26	370.40	
27	342.56	
28	157.80	
29	205.76	
30	227.91	
31	140.19	
32	619.22	
33	445.63	
34	510.62	
35	384.75	
36	398.30	
37	209.80	
38	255.99	
39	230.50	
40	304.46	
41	423.67	
42	186.49	
43	382.22	
44	435.90	
45	249.44	
46	102.85	
47	103.48	
48	523.96	
49	299.72	
50	332.39	
51	286.61	
52	477.63	
53	467.62	
54	283.69	
55	130.33	
56	547.06	
57	526.50	
58	503.16	
59	370.88	
60	703.39	
61	622.08	
62	513.69	
63	479.73	
64	733.88	
65	848.29	
66	500.73	
67	129.90	
68	207.64	
69	195.25	
70	184.27	
71	296.53	
72	369.35	
73	666.35	
74	302.09	
75	140.36	
76	121.18	
77	363.76	
78	606.25	
79	555.61	
80	400.33	
81	586.69	
82	545.65	
83	439.87	
84	386.65	
85	586.60	
86	236.78	
87	152.39	
88	148.30	
89	119.86	
90	112.60	
91	393.49	
92	385.37	
93	360.96	
94	459.42	
95	533.87	
96	224.08	
97	249.01	
98	241.11	
99	382.18	
100	109.08	
101	87.25	
102	140.19	
103	154.33	
104	125.89	
105	212.88	
106	185.82	
107	162.66	
108	67.67	
109	151.41	
110	92.20	
111	149.04	
112	204.87	
113	72.76	
114	173.13	
115	402.12	
116	209.32	
117	201.88	
118	361.40	
119	271.82	
120	684.91	
121	595.32	
122	154.95	
123	57.07	
124	145.79	
125	267.40	
126	179.80	
127	478.14	
128	200.53	
129	465.63	
130	393.33	
131	671.59	
===============Statistical report===============
Distr./um	Mean/um	Amount	Freq.
57-136.2	96.6	15	11.45%
136.2-215.4	175.8	30	22.90%
215.4-294.6	255	16	12.21%
294.6-373.8	334.2	20	15.27%
373.8-453	413.4	16	12.21%
453-532.2	492.6	16	12.21%
532.2-611.4	571.7999	9	6.87%
611.4-690.6	651	6	4.58%
690.6-769.8	730.2	2	1.53%
769.8-849	809.4	1	0.76%
********************************************************

