Time (s)	Shear rate (1/s), Domain Probe 1	maximum_linear_speed_of_object, Domain Probe 2
0.0000	0.016226	NaN
5.4932E-8	0.012930	NaN
1.0986E-7	0.012565	NaN
2.1973E-7	0.013336	NaN
3.2959E-7	0.010678	NaN
5.4932E-7	0.013425	NaN
7.6905E-7	0.020533	NaN
1.2085E-6	0.039050	NaN
1.6480E-6	0.052014	NaN
2.0874E-6	0.059717	NaN
2.9663E-6	0.068126	NaN
3.8452E-6	0.10079	NaN
4.7241E-6	0.24105	NaN
6.4820E-6	1.4232	NaN
8.2398E-6	4.1501	NaN
9.9976E-6	8.5247	NaN
1.3513E-5	20.114	NaN
1.7029E-5	33.234	NaN
2.0545E-5	45.676	NaN
2.7576E-5	65.193	NaN
3.4607E-5	78.413	NaN
4.1638E-5	86.756	NaN
5.5701E-5	95.830	NaN
6.9764E-5	98.513	NaN
8.3826E-5	98.297	NaN
1.1195E-4	95.616	NaN
1.4008E-4	91.366	NaN
1.6820E-4	87.003	NaN
1.9633E-4	82.972	NaN
2.5258E-4	76.036	NaN
3.0883E-4	70.299	NaN
3.2289E-4	69.037	NaN
3.5102E-4	66.665	NaN
4.0727E-4	62.469	NaN
5.1977E-4	76.705	NaN
6.3227E-4	107.32	NaN
8.5727E-4	183.05	NaN
9.2432E-4	207.55	NaN
0.0010584	262.94	NaN
0.0011925	321.03	NaN
0.0014607	446.45	NaN
0.0015397	484.34	NaN
0.0016975	563.25	NaN
0.0020133	727.19	NaN
0.0021012	774.33	NaN
0.0022771	869.84	NaN
0.0024529	967.80	NaN
0.0025168	998.18	NaN
0.0025168	864.71	NaN
0.0025208	677.48	NaN
0.0025248	574.26	NaN
0.0025328	475.67	NaN
0.0025348	453.89	NaN
0.0025388	420.44	NaN
0.0025468	382.79	NaN
0.0025508	360.09	NaN
0.0025587	331.32	NaN
0.0025627	319.09	NaN
0.0025707	300.41	NaN
0.0025747	292.15	NaN
0.0025827	280.43	NaN
0.0025867	273.74	NaN
0.0025947	264.64	NaN
0.0025987	259.60	NaN
0.0026067	252.51	NaN
0.0026107	248.65	NaN
0.0026186	243.26	NaN
0.0026346	253.31	NaN
0.0026386	242.06	NaN
0.0026466	234.62	NaN
0.0026626	240.04	NaN
0.0026666	231.64	NaN
0.0026745	225.87	NaN
0.0026905	229.40	NaN
0.0027224	253.68	NaN
0.0027244	240.07	NaN
0.0027284	231.19	NaN
0.0027364	223.37	NaN
0.0027524	223.18	NaN
0.0027843	241.05	NaN
0.0027863	230.46	NaN
0.0027903	223.46	NaN
0.0027983	217.23	NaN
0.0028143	216.27	NaN
0.0028223	211.32	NaN
0.0028263	209.90	NaN
0.0028342	208.01	NaN
0.0028502	208.65	NaN
0.0028822	220.00	NaN
0.0028901	210.48	NaN
0.0029061	208.46	NaN
0.0029381	217.25	NaN
0.0029460	208.82	NaN
0.0029620	206.74	NaN
0.0029940	213.96	NaN
0.0030578	223.27	NaN
0.0031856	233.47	NaN
0.0034411	244.79	NaN
0.0036967	253.31	NaN
0.0038244	257.28	NaN
0.0040800	263.49	NaN
0.0042077	266.81	NaN
0.0044633	272.38	NaN
0.0045910	275.48	NaN
0.0048466	280.83	NaN
0.0049743	283.84	NaN
0.0052299	289.09	NaN
0.0057409	299.68	NaN
0.0059965	305.84	NaN
0.0059965	294.21	NaN
0.0060201	279.51	NaN
0.0060438	276.50	NaN
0.0060911	281.17	NaN
0.0061858	285.45	NaN
0.0063751	290.40	NaN
0.0064698	292.70	NaN
0.0066591	296.61	NaN
0.0070377	303.99	NaN
0.0072271	308.09	NaN
0.0073217	310.02	NaN
0.0075110	313.60	NaN
0.0076057	315.52	NaN
0.0077950	319.07	NaN
0.0078897	320.98	NaN
0.0080790	324.50	NaN
0.0081737	326.40	NaN
0.0083630	329.97	NaN
0.0087416	337.27	NaN
0.0089310	341.35	NaN
0.0090256	343.28	NaN
0.0092150	346.89	NaN
0.0093096	348.82	NaN
0.0094989	352.42	NaN
0.0094989	338.13	NaN
0.0095502	342.70	NaN
0.0096015	343.56	NaN
0.0097040	345.92	NaN
0.0099091	349.88	NaN
0.010012	351.93	NaN
0.010217	355.61	NaN
0.010627	362.85	NaN
0.010832	366.88	NaN
0.010935	368.81	NaN
0.011140	372.36	NaN
0.011242	374.29	NaN
0.011447	377.94	NaN
0.011550	379.90	NaN
0.011755	383.54	NaN
0.011858	385.48	NaN
0.012063	389.09	NaN
0.012165	391.02	NaN
0.012370	394.60	NaN
0.012473	396.52	NaN
0.012678	400.07	NaN
0.012780	401.97	NaN
0.012986	405.49	NaN
0.013396	412.53	NaN
0.013396	400.10	NaN
0.013434	399.26	NaN
0.013445	386.82	NaN
0.013467	384.78	NaN
0.013511	388.92	NaN
0.013599	392.37	NaN
0.013776	396.19	NaN
0.014129	402.33	NaN
0.014306	405.51	NaN
0.014659	411.08	NaN
0.014835	414.11	NaN
0.015188	419.53	NaN
0.015365	422.49	NaN
0.015453	423.88	NaN
0.015630	426.54	NaN
0.015983	431.82	NaN
0.016159	434.71	NaN
0.016512	439.89	NaN
0.017219	450.04	NaN
0.017219	438.20	NaN
0.017395	443.24	NaN
0.017540	445.41	NaN
0.017828	449.39	NaN
0.017973	451.52	NaN
0.018262	455.40	NaN
0.018406	457.49	NaN
0.018695	461.29	NaN
0.018839	463.35	NaN
0.019128	467.09	NaN
0.019273	469.11	NaN
0.019562	472.79	NaN
0.019706	474.78	NaN
0.019995	478.40	NaN
0.020139	480.35	NaN
0.020428	483.90	NaN
0.020573	485.82	NaN
0.020861	489.31	NaN
0.021006	491.19	NaN
0.021295	494.65	NaN
0.021295	479.68	NaN
0.021545	485.93	NaN
0.021727	488.14	NaN
0.021818	489.17	NaN
0.022001	491.16	NaN
0.022092	492.17	NaN
0.022274	494.12	NaN
0.022365	495.11	NaN
0.022548	497.03	NaN
0.022639	498.00	NaN
0.022821	499.89	NaN
0.022912	500.85	NaN
0.023095	502.71	NaN
0.023186	503.66	NaN
0.023368	505.49	NaN
0.023460	506.42	NaN
0.023642	508.23	NaN
0.023733	509.15	NaN
0.023915	510.93	NaN
0.024007	511.83	NaN
0.024189	513.62	NaN
0.024280	514.51	NaN
0.024463	516.30	NaN
0.024554	517.18	NaN
0.024736	518.94	NaN
0.024827	519.80	NaN
0.025010	521.54	NaN
0.025374	524.94	NaN
0.025374	512.83	NaN
0.025466	514.64	NaN
0.025557	515.38	NaN
0.025739	516.90	NaN
0.026104	519.78	NaN
0.026286	521.29	NaN
0.026651	524.02	NaN
0.026833	525.46	NaN
0.027198	528.06	NaN
0.027380	529.43	NaN
0.027472	530.04	NaN
0.027654	531.29	NaN
0.028019	533.79	NaN
0.028201	535.10	NaN
0.028566	537.57	NaN
0.028748	538.81	NaN
0.029113	541.14	NaN
0.029295	542.31	NaN
0.029295	528.67	NaN
0.029478	532.22	NaN
0.029639	533.17	NaN
0.029962	534.84	NaN
0.030123	535.67	NaN
0.030446	537.20	NaN
0.030607	537.97	NaN
0.030930	539.39	NaN
0.031091	540.10	NaN
0.031414	541.40	NaN
0.031575	542.05	NaN
0.031898	543.24	NaN
0.032059	543.84	NaN
0.032382	544.92	NaN
0.032544	545.45	NaN
0.032866	546.55	NaN
0.033028	547.09	NaN
0.033350	548.15	NaN
0.033350	535.88	NaN
0.033528	537.20	NaN
0.033675	537.46	NaN
0.033968	537.98	NaN
0.034115	538.19	NaN
0.034408	538.61	NaN
0.034554	538.78	NaN
0.034848	539.25	NaN
0.034994	539.41	NaN
0.035287	539.80	NaN
0.035434	539.91	NaN
0.035727	540.21	NaN
0.035874	540.27	NaN
0.036167	540.47	NaN
0.036314	540.49	NaN
0.036607	540.60	NaN
0.036753	540.57	NaN
0.037047	540.60	NaN
0.037193	540.52	NaN
0.037486	540.46	NaN
0.037486	528.46	NaN
0.037657	529.10	NaN
0.037801	528.92	NaN
0.038090	528.54	NaN
0.038235	528.26	NaN
0.038524	527.79	NaN
0.038669	527.46	NaN
0.038958	526.89	NaN
0.039102	526.51	NaN
0.039391	525.84	NaN
0.039536	525.41	NaN
0.039825	524.65	NaN
0.039969	524.17	NaN
0.040258	523.32	NaN
0.040403	522.79	NaN
0.040692	521.84	NaN
0.040836	521.27	NaN
0.041125	520.34	NaN
0.041270	519.74	NaN
0.041559	518.74	NaN
0.041559	507.76	NaN
0.041733	507.83	NaN
0.041882	507.11	NaN
0.042181	505.76	NaN
0.042330	504.94	NaN
0.042629	503.49	NaN
0.042779	502.61	NaN
0.043078	501.07	NaN
0.043227	500.14	NaN
0.043526	498.51	NaN
0.043675	497.53	NaN
0.043974	495.80	NaN
0.044124	494.77	NaN
0.044423	492.95	NaN
0.044572	491.87	NaN
0.044871	490.06	NaN
0.045020	488.97	NaN
0.045319	487.10	NaN
0.045469	485.97	NaN
0.045469	474.54	NaN
0.045618	475.56	NaN
0.045768	474.46	NaN
0.046067	472.37	NaN
0.046216	471.10	NaN
0.046515	468.89	NaN
0.046664	467.55	NaN
0.046963	465.24	NaN
0.047113	463.86	NaN
0.047412	461.45	NaN
0.047561	460.01	NaN
0.047860	457.51	NaN
0.048009	456.03	NaN
0.048308	453.43	NaN
0.048458	451.90	NaN
0.048757	449.23	NaN
0.048906	447.68	NaN
0.049205	444.94	NaN
0.049354	443.33	NaN
0.049653	440.51	NaN
0.049653	430.85	NaN
0.049728	430.64	NaN
0.049803	429.78	NaN
0.049952	428.35	NaN
0.050251	425.36	NaN
0.050401	423.60	NaN
0.050699	420.53	NaN
0.050849	418.73	NaN
0.051148	415.58	NaN
0.051297	413.74	NaN
0.051596	410.51	NaN
0.051746	408.61	NaN
0.052045	405.30	NaN
0.052194	403.36	NaN
0.052493	399.96	NaN
0.052642	397.98	NaN
0.052941	394.50	NaN
0.053091	392.48	NaN
0.053390	388.92	NaN
0.053539	386.90	NaN
0.053838	383.43	NaN
0.053838	375.48	NaN
0.054137	373.32	NaN
0.054436	369.02	NaN
0.055033	379.38	NaN
0.055631	386.59	NaN
0.055930	371.83	NaN
0.056080	370.01	NaN
0.056379	365.70	NaN
0.056528	363.12	NaN
0.056827	358.65	NaN
0.056976	356.09	NaN
0.057275	351.69	NaN
0.057425	349.08	NaN
0.057724	344.60	NaN
0.057724	333.79	NaN
0.057849	335.91	NaN
0.057939	334.42	NaN
0.058118	331.68	NaN
0.058478	326.02	NaN
0.058658	322.73	NaN
0.059018	317.08	NaN
0.059198	313.80	NaN
0.059558	308.13	NaN
0.059738	304.78	NaN
0.060097	299.00	NaN
0.060277	295.59	NaN
0.060367	293.78	NaN
0.060547	290.85	NaN
0.060907	284.92	NaN
0.061087	281.44	NaN
0.061447	275.42	NaN
0.061627	271.88	NaN
0.061627	260.74	NaN
0.061728	264.26	NaN
0.061813	262.91	NaN
0.061983	260.23	NaN
0.062323	254.62	NaN
0.062493	251.31	NaN
0.062832	245.57	NaN
0.063002	242.21	NaN
0.063342	236.43	NaN
0.063512	233.12	NaN
0.063597	231.35	NaN
0.063767	228.54	NaN
0.064107	222.86	NaN
0.064276	219.49	NaN
0.064616	213.75	NaN
0.064786	210.34	NaN
0.065126	204.54	NaN
0.065296	201.10	NaN
0.065296	192.39	NaN
0.065396	195.30	NaN
0.065483	193.94	NaN
0.065655	191.21	NaN
0.066000	185.53	NaN
0.066172	182.13	NaN
0.066517	176.35	NaN
0.067206	164.94	NaN
0.067550	158.25	NaN
0.067723	154.90	NaN
0.068067	149.24	NaN
0.068240	145.86	NaN
0.068584	140.17	NaN
0.068757	136.77	NaN
0.069101	139.82	NaN
0.069274	143.27	NaN
0.069274	138.47	NaN
0.069368	141.99	NaN
0.069446	143.33	NaN
0.069601	146.09	NaN
0.069912	151.50	NaN
0.070067	154.65	NaN
0.070378	160.02	NaN
0.070534	163.16	NaN
0.070845	168.52	NaN
0.071000	171.79	NaN
0.071311	177.45	NaN
0.071466	180.73	NaN
0.071777	186.37	NaN
0.071932	189.64	NaN
0.072243	195.26	NaN
0.072399	198.53	NaN
0.072709	204.13	NaN
0.072865	207.39	NaN
0.073176	213.08	NaN
0.073176	206.54	NaN
0.073312	211.34	NaN
0.073412	213.31	NaN
0.073612	217.01	NaN
0.073713	219.06	NaN
0.073913	222.72	NaN
0.074013	224.75	NaN
0.074214	228.39	NaN
0.074314	230.42	NaN
0.074514	234.05	NaN
0.074614	236.08	NaN
0.074815	239.69	NaN
0.074915	241.72	NaN
0.075115	245.33	NaN
0.075215	247.42	NaN
0.075416	251.17	NaN
0.075516	253.26	NaN
0.075716	256.99	NaN
0.075816	259.07	NaN
0.076017	262.79	NaN
0.076117	264.87	NaN
0.076317	268.58	NaN
0.076418	270.64	NaN
0.076618	274.34	NaN
0.076718	276.39	NaN
0.076919	280.07	NaN
0.077019	282.12	NaN
0.077019	272.94	NaN
0.077059	273.29	NaN
0.077098	273.40	NaN
0.077178	275.44	NaN
0.077338	278.63	NaN
0.077657	284.58	NaN
0.077816	287.87	NaN
0.078135	293.62	NaN
0.078295	296.85	NaN
0.078614	302.53	NaN
0.078773	305.73	NaN
0.079092	311.36	NaN
0.079252	314.54	NaN
0.079571	320.12	NaN
0.079730	323.28	NaN
0.080050	328.95	NaN
0.080209	332.15	NaN
0.080528	337.88	NaN
0.080688	341.06	NaN
0.081007	346.73	NaN
0.081007	338.04	NaN
0.081155	342.20	NaN
0.081268	344.23	NaN
0.081494	348.07	NaN
0.081607	350.19	NaN
0.081833	353.97	NaN
0.081946	356.07	NaN
0.082172	359.82	NaN
0.082285	361.89	NaN
0.082511	365.71	NaN
0.082624	367.80	NaN
0.082850	371.63	NaN
0.082963	373.71	NaN
0.083189	377.51	NaN
0.083302	379.57	NaN
0.083528	383.34	NaN
0.083640	385.39	NaN
0.083866	389.12	NaN
0.083979	391.17	NaN
0.084205	394.89	NaN
0.084318	396.93	NaN
0.084544	400.62	NaN
0.084657	402.64	NaN
0.084883	406.30	NaN
0.084996	408.30	NaN
0.084996	396.70	NaN
0.085182	402.26	NaN
0.085315	404.53	NaN
0.085580	408.71	NaN
0.085712	410.97	NaN
0.085978	415.07	NaN
0.086110	417.30	NaN
0.086375	421.34	NaN
0.086508	423.54	NaN
0.086773	427.52	NaN
0.086906	429.69	NaN
0.087171	433.61	NaN
0.087304	435.75	NaN
0.087569	439.61	NaN
0.087701	441.72	NaN
0.087967	445.53	NaN
0.088099	447.61	NaN
0.088364	451.60	NaN
0.088497	453.75	NaN
0.088762	457.68	NaN
0.088895	459.80	NaN
0.088895	446.82	NaN
0.089027	451.27	NaN
0.089143	452.95	NaN
0.089375	456.08	NaN
0.089491	457.75	NaN
0.089722	460.80	NaN
0.089838	462.44	NaN
0.090070	465.45	NaN
0.090186	467.06	NaN
0.090418	470.02	NaN
0.090533	471.61	NaN
0.090765	474.54	NaN
0.090881	476.10	NaN
0.091113	478.98	NaN
0.091229	480.53	NaN
0.091460	483.37	NaN
0.091576	484.89	NaN
0.091808	487.68	NaN
0.091924	489.18	NaN
0.092155	491.97	NaN
0.092271	493.46	NaN
0.092503	496.25	NaN
0.092619	497.71	NaN
0.092851	500.46	NaN
0.092966	501.90	NaN
0.092966	488.56	NaN
0.093082	492.06	NaN
0.093186	493.26	NaN
0.093395	495.52	NaN
0.093499	496.68	NaN
0.093708	498.86	NaN
0.093812	499.99	NaN
0.094021	502.13	NaN
0.094125	503.23	NaN
0.094333	505.34	NaN
0.094438	506.43	NaN
0.094646	508.51	NaN
0.094751	509.60	NaN
0.094959	511.73	NaN
0.095063	512.80	NaN
0.095272	514.88	NaN
0.095376	515.93	NaN
0.095585	517.98	NaN
0.095689	519.00	NaN
0.095897	521.00	NaN
0.096002	522.01	NaN
0.096210	523.96	NaN
0.096315	524.95	NaN
0.096523	526.86	NaN
0.096627	527.82	NaN
0.096836	529.69	NaN
0.096940	530.63	NaN
0.096940	517.47	NaN
0.097130	520.92	NaN
0.097272	522.12	NaN
0.097556	524.35	NaN
0.097698	525.51	NaN
0.097983	527.63	NaN
0.098125	528.75	NaN
0.098409	530.78	NaN
0.098551	531.84	NaN
0.098835	533.79	NaN
0.098977	534.81	NaN
0.099262	536.66	NaN
0.099404	537.63	NaN
0.099688	539.40	NaN
0.099830	540.32	NaN
0.10011	542.15	NaN
0.10026	543.11	NaN
0.10054	544.93	NaN
0.10068	545.85	NaN
0.10097	547.61	NaN
0.10097	535.01	NaN
0.10112	536.60	NaN
0.10124	537.16	NaN
0.10148	538.25	NaN
0.10160	538.78	NaN
0.10183	539.81	NaN
0.10195	540.30	NaN
0.10219	541.28	NaN
0.10231	541.78	NaN
0.10255	542.81	NaN
0.10267	543.29	NaN
0.10291	544.26	NaN
0.10303	544.70	NaN
0.10327	545.62	NaN
0.10339	546.03	NaN
0.10363	546.88	NaN
0.10375	547.26	NaN
0.10399	548.05	NaN
0.10411	548.40	NaN
0.10435	549.14	NaN
0.10447	549.45	NaN
0.10471	550.13	NaN
0.10483	550.42	NaN
0.10507	551.04	NaN
0.10507	538.74	NaN
0.10520	539.40	NaN
0.10531	539.49	NaN
0.10553	539.78	NaN
0.10564	539.86	NaN
0.10586	540.09	NaN
0.10597	540.14	NaN
0.10619	540.32	NaN
0.10630	540.35	NaN
0.10651	540.48	NaN
0.10662	540.48	NaN
0.10684	540.64	NaN
0.10695	540.64	NaN
0.10717	540.78	NaN
0.10728	540.76	NaN
0.10750	540.85	NaN
0.10761	540.80	NaN
0.10783	540.85	NaN
0.10794	540.77	NaN
0.10815	540.77	NaN
0.10826	540.67	NaN
0.10848	540.63	NaN
0.10859	540.50	NaN
0.10881	540.41	NaN
0.10892	540.26	NaN
0.10914	540.12	NaN
0.10914	528.75	NaN
0.10927	528.82	NaN
0.10938	528.53	NaN
0.10959	528.10	NaN
0.10970	527.79	NaN
0.10992	527.32	NaN
0.11003	527.00	NaN
0.11025	526.54	NaN
0.11036	526.19	NaN
0.11058	525.68	NaN
0.11069	525.31	NaN
0.11090	524.74	NaN
0.11101	524.34	NaN
0.11123	523.72	NaN
0.11134	523.29	NaN
0.11156	522.63	NaN
0.11167	522.16	NaN
0.11189	521.45	NaN
0.11200	520.96	NaN
0.11221	520.19	NaN
0.11232	519.68	NaN
0.11254	518.86	NaN
0.11265	518.32	NaN
0.11287	517.47	NaN
0.11298	516.90	NaN
0.11320	516.00	NaN
0.11320	505.47	NaN
0.11333	505.21	NaN
0.11344	504.54	NaN
0.11367	503.34	NaN
0.11379	502.60	NaN
0.11402	501.33	NaN
0.11413	500.56	NaN
0.11436	499.34	NaN
0.11447	498.57	NaN
0.11470	497.29	NaN
0.11482	496.49	NaN
0.11505	495.16	NaN
0.11516	494.33	NaN
0.11539	492.94	NaN
0.11551	492.08	NaN
0.11573	490.64	NaN
0.11585	489.75	NaN
0.11608	488.25	NaN
0.11619	487.34	NaN
0.11642	485.79	NaN
0.11654	484.84	NaN
0.11677	483.24	NaN
0.11688	482.27	NaN
0.11711	480.62	NaN
0.11722	479.62	NaN
0.11722	468.53	NaN
0.11734	469.34	NaN
0.11745	468.42	NaN
0.11768	466.65	NaN
0.11780	465.58	NaN
0.11802	463.75	NaN
0.11814	462.64	NaN
0.11837	460.76	NaN
0.11848	459.62	NaN
0.11871	457.69	NaN
0.11883	456.52	NaN
0.11906	454.54	NaN
0.11917	453.34	NaN
0.11940	451.30	NaN
0.11951	450.08	NaN
0.11974	447.99	NaN
0.11986	446.74	NaN
0.12009	444.60	NaN
0.12020	443.33	NaN
0.12043	441.13	NaN
0.12054	439.83	NaN
0.12077	437.59	NaN
0.12089	436.26	NaN
0.12112	433.97	NaN
0.12123	432.62	NaN
0.12123	423.09	NaN
0.12135	423.50	NaN
0.12146	422.29	NaN
0.12169	419.92	NaN
0.12180	418.50	NaN
0.12203	416.04	NaN
0.12215	414.59	NaN
0.12238	412.07	NaN
0.12249	410.59	NaN
0.12272	408.02	NaN
0.12284	406.51	NaN
0.12306	403.88	NaN
0.12318	402.34	NaN
0.12341	399.68	NaN
0.12352	398.13	NaN
0.12375	395.43	NaN
0.12387	393.85	NaN
0.12409	391.09	NaN
0.12421	389.49	NaN
0.12444	386.74	NaN
0.12455	385.15	NaN
0.12478	382.43	NaN
0.12490	380.82	NaN
0.12513	378.05	NaN
0.12524	376.42	NaN
0.12524	368.70	NaN
0.12535	368.65	NaN
0.12547	367.14	NaN
0.12570	364.20	NaN
0.12581	362.49	NaN
0.12604	359.47	NaN
0.12616	357.72	NaN
0.12639	354.65	NaN
0.12650	352.87	NaN
0.12673	349.76	NaN
0.12684	348.01	NaN
0.12707	345.00	NaN
0.12719	343.23	NaN
0.12742	340.17	NaN
0.12753	338.38	NaN
0.12776	335.27	NaN
0.12787	333.45	NaN
0.12810	330.30	NaN
0.12822	328.46	NaN
0.12845	325.27	NaN
0.12856	323.40	NaN
0.12879	320.17	NaN
0.12891	318.28	NaN
0.12913	315.00	NaN
0.12925	313.09	NaN
0.12948	309.77	NaN
0.12948	303.72	NaN
0.12971	301.55	NaN
0.12994	298.14	NaN
0.13005	285.65	NaN
0.13028	278.48	NaN
0.13039	282.33	NaN
0.13062	278.63	NaN