Time (s)	maximum_linear_speed_of_object (m/s), Domain Probe 2
0.0000	4.2471E-7
2.5376E-8	3.4229E-7
5.0751E-8	3.1528E-7
1.0150E-7	3.4308E-7
1.5225E-7	3.5443E-7
2.5376E-7	3.4089E-7
3.5526E-7	3.3938E-7
5.5827E-7	3.5330E-7
7.6127E-7	3.4921E-7
9.6428E-7	3.4281E-7
1.3703E-6	3.3635E-7
1.7763E-6	3.2464E-7
2.5883E-6	2.9561E-7
3.4003E-6	3.1430E-7
4.2124E-6	3.3991E-7
5.8364E-6	3.6835E-7
7.4605E-6	3.7694E-7
9.0845E-6	3.7586E-7
1.2333E-5	3.6717E-7
1.5581E-5	3.5429E-7
1.8829E-5	3.4016E-7
2.5325E-5	3.1280E-7
3.1821E-5	2.9126E-7
4.4813E-5	4.2891E-7
5.7806E-5	1.3799E-6
7.0798E-5	4.6085E-6
8.3791E-5	1.2657E-5
1.0978E-4	6.2527E-5
1.3576E-4	1.7476E-4
1.6174E-4	3.6030E-4
1.8773E-4	5.8023E-4
2.1371E-4	7.6581E-4
2.2671E-4	0.0010023
2.5269E-4	0.0014941
2.7868E-4	0.0020144
3.3065E-4	0.0030123
3.8261E-4	0.0040109
4.8655E-4	0.0060054
5.1697E-4	0.0065659
5.7779E-4	0.0077129
6.9943E-4	0.0099993
7.3267E-4	0.010584
7.9914E-4	0.011806
9.3207E-4	0.014236
9.6765E-4	0.014839
0.0010388	0.016111
0.0011100	0.017355
0.0012523	0.019867
0.0012523	0.019685
0.0012567	0.018810
0.0012612	0.018142
0.0012701	0.017612
0.0012723	0.017322
0.0012767	0.016864
0.0012856	0.016458
0.0012879	0.016254
0.0012923	0.015923
0.0013012	0.015603
0.0013034	0.015452
0.0013079	0.015202
0.0013168	0.014945
0.0013190	0.014830
0.0013234	0.014636
0.0013323	0.014427
0.0013501	0.014374
0.0013512	0.014311
0.0013535	0.014210
0.0013579	0.014045
0.0013668	0.013869
0.0013846	0.013823
0.0013857	0.013774
0.0013879	0.013694
0.0013924	0.013565
0.0014013	0.013424
0.0014191	0.013386
0.0014202	0.013347
0.0014224	0.013285
0.0014268	0.013185
0.0014357	0.013072
0.0014535	0.013041
0.0014891	0.013038
0.0015603	0.013043
0.0017026	0.013054
0.0017737	0.013043
0.0019161	0.013053
0.0022007	0.013075
0.0022007	0.013006
0.0022185	0.012929
0.0022363	0.012893
0.0022720	0.012887
0.0023433	0.012889
0.0024859	0.012897
0.0027710	0.012917
0.0029136	0.012891
0.0029136	0.012854
0.0029529	0.012845
0.0029854	0.012835
0.0030503	0.012836
0.0031802	0.012843
0.0034401	0.012861
0.0035700	0.012837
0.0038298	0.012855
0.0038298	0.012777
0.0038871	0.012777
0.0039302	0.012771
0.0040164	0.012774
0.0041889	0.012786
0.0042752	0.012770
0.0044476	0.012783
0.0046201	0.012780
0.0046201	0.012738
0.0046647	0.012729
0.0047003	0.012720
0.0047715	0.012722
0.0049140	0.012731
0.0051991	0.012753
0.0053416	0.012725
0.0053416	0.012690
0.0053815	0.012681
0.0054149	0.012672
0.0054815	0.012673
0.0056148	0.012681
0.0058814	0.012702
0.0060147	0.012675
0.0062813	0.012695
0.0062813	0.012617
0.0063404	0.012618
0.0063857	0.012612
0.0064761	0.012616
0.0066570	0.012629
0.0067474	0.012612
0.0069283	0.012626
0.0071092	0.012623
0.0071092	0.012581
0.0071559	0.012572
0.0071932	0.012564
0.0072678	0.012565
0.0074170	0.012575
0.0077155	0.012599
0.0078647	0.012569
0.0078647	0.012533
0.0079064	0.012525
0.0079412	0.012516
0.0080106	0.012517
0.0081495	0.012526
0.0084272	0.012548
0.0085661	0.012520
0.0088438	0.012541
0.0088438	0.012463
0.0088750	0.012452
0.0089063	0.012444
0.0089688	0.012445
0.0090938	0.012453
0.0093438	0.012472
0.0094688	0.012448
0.0097188	0.012466
0.0097188	0.012395
0.0097845	0.012399
0.0098376	0.012393
0.0099436	0.012399
0.010156	0.012415
0.010262	0.012395
0.010474	0.012411
0.010686	0.012407
0.010686	0.012353
0.010701	0.012264
0.010715	0.012225
0.010744	0.012219
0.010803	0.012222
0.010919	0.012230
0.011152	0.012248
0.011269	0.012227
0.011502	0.012245
0.011502	0.012185
0.011573	0.012190
0.011634	0.012185
0.011755	0.012192
0.011816	0.012181
0.011938	0.012189
0.012182	0.012207
0.012304	0.012185
0.012547	0.012204
0.012547	0.012144
0.012583	0.012139
0.012620	0.012134
0.012692	0.012136
0.012838	0.012145
0.012911	0.012133
0.013056	0.012142
0.013347	0.012161
0.013492	0.012136
0.013492	0.012109
0.013565	0.012109
0.013621	0.012103
0.013732	0.012108
0.013955	0.012122
0.014067	0.012103
0.014290	0.012119
0.014513	0.012113
0.014513	0.012066
0.014531	0.012028
0.014549	0.012010
0.014585	0.012008
0.014658	0.012012
0.014803	0.012021
0.014875	0.012010
0.015020	0.012018
0.015310	0.012035
0.015455	0.012012
0.015527	0.012001
0.015527	0.011984
0.015599	0.011988
0.015665	0.011985
0.015795	0.011992
0.016056	0.012006
0.016186	0.011987
0.016447	0.012003
0.016447	0.011953
0.016487	0.011951
0.016527	0.011947
0.016607	0.011949
0.016767	0.011956
0.016847	0.011945
0.017007	0.011953
0.017327	0.011970
0.017487	0.011946
0.017487	0.011918
0.017527	0.011919
0.017556	0.011914
0.017613	0.011916
0.017727	0.011921
0.017956	0.011932
0.018070	0.011917
0.018298	0.011928
0.018527	0.011925
0.018527	0.011888
0.018546	0.011866
0.018565	0.011855
0.018603	0.011855
0.018679	0.011858
0.018831	0.011866
0.019135	0.011883
0.019287	0.011861
0.019591	0.011877
0.019591	0.011829
0.019632	0.011827
0.019673	0.011824
0.019755	0.011826
0.019918	0.011834
0.020245	0.011852
0.020409	0.011828
0.020490	0.011815
0.020654	0.011822
0.020654	0.011801
0.020779	0.011806
0.020875	0.011799
0.021068	0.011809
0.021164	0.011794
0.021357	0.011805
0.021550	0.011803
0.021646	0.011788
0.021646	0.011777
0.021694	0.011777
0.021737	0.011773
0.021822	0.011777
0.021993	0.011787
0.022078	0.011775
0.022249	0.011785
0.022419	0.011783
0.022419	0.011761
0.022544	0.011766
0.022640	0.011759
0.022830	0.011770
0.022926	0.011755
0.023116	0.011766
0.023307	0.011764
0.023402	0.011749
0.023402	0.011738
0.023450	0.011737
0.023490	0.011734
0.023571	0.011737
0.023733	0.011747
0.024057	0.011771
0.024219	0.011743
0.024219	0.011723
0.024300	0.011723
0.024363	0.011716
0.024488	0.011722
0.024738	0.011739
0.024864	0.011718
0.025114	0.011735
0.025114	0.011691
0.025156	0.011691
0.025197	0.011688
0.025280	0.011691
0.025446	0.011702
0.025529	0.011688
0.025696	0.011699
0.025862	0.011697
0.026194	0.011721
0.026194	0.011659
0.026217	0.011653
0.026240	0.011649
0.026285	0.011650
0.026377	0.011656
0.026560	0.011668
0.026926	0.011695
0.027110	0.011662
0.027201	0.011645
0.027201	0.011634
0.027247	0.011634
0.027282	0.011629
0.027351	0.011631
0.027490	0.011640
0.027767	0.011660
0.027906	0.011636
0.028184	0.011654
0.028184	0.011606
0.028223	0.011606
0.028263	0.011603
0.028343	0.011606
0.028502	0.011615
0.028821	0.011638
0.028980	0.011610
0.028980	0.011592
0.029060	0.011591
0.029121	0.011585
0.029243	0.011590
0.029488	0.011606
0.029611	0.011586
0.029856	0.011602
0.029856	0.011561
0.029899	0.011562
0.029943	0.011559
0.030030	0.011563
0.030204	0.011574
0.030552	0.011598
0.030726	0.011567
0.030813	0.011552
0.030813	0.011543
0.030856	0.011542
0.030895	0.011539
0.030971	0.011542
0.031125	0.011551
0.031433	0.011571
0.031587	0.011546
0.031894	0.011563
0.031894	0.011516
0.031941	0.011516
0.031987	0.011513
0.032080	0.011517
0.032265	0.011527
0.032358	0.011513
0.032544	0.011524
0.032729	0.011521
0.032822	0.011507
0.032822	0.011499
0.032868	0.011499
0.032910	0.011496
0.032994	0.011499
0.033161	0.011509
0.033244	0.011497
0.033411	0.011507
0.033495	0.011495
0.033662	0.011504
0.033662	0.011488
0.033787	0.011493
0.033896	0.011488
0.034115	0.011499
0.034224	0.011483
0.034442	0.011495
0.034661	0.011491
0.034770	0.011475
0.034770	0.011467
0.034825	0.011467
0.034874	0.011464
0.034972	0.011467
0.035169	0.011477
0.035267	0.011464
0.035464	0.011474
0.035661	0.011471
0.035759	0.011458
0.035759	0.011451
0.035808	0.011451
0.035858	0.011449
0.035956	0.011453
0.036153	0.011462
0.036251	0.011450
0.036448	0.011459
0.036644	0.011456
0.036743	0.011444
0.036743	0.011437
0.036792	0.011438
0.036841	0.011436
0.036939	0.011439
0.037136	0.011448
0.037234	0.011436
0.037431	0.011445
0.037628	0.011443
0.037726	0.011431
0.037726	0.011425
0.037775	0.011425
0.037825	0.011424
0.037923	0.011427
0.038120	0.011437
0.038218	0.011425
0.038415	0.011434
0.038611	0.011433
0.038710	0.011420
0.038710	0.011414
0.038759	0.011415
0.038803	0.011412
0.038892	0.011416
0.039069	0.011425
0.039157	0.011414
0.039334	0.011423
0.039423	0.011411
0.039600	0.011420
0.039688	0.011409
0.039688	0.011404
0.039777	0.011409
0.039865	0.011407
0.040042	0.011417
0.040131	0.011405
0.040308	0.011415
0.040396	0.011403
0.040573	0.011412
0.040662	0.011400
0.040662	0.011395
0.040750	0.011400
0.040839	0.011399
0.041016	0.011409
0.041104	0.011396
0.041281	0.011406
0.041458	0.011405
0.041458	0.011394
0.041583	0.011398
0.041683	0.011392
0.041882	0.011402
0.041982	0.011388
0.042181	0.011399
0.042380	0.011397
0.042479	0.011382
0.042479	0.011375
0.042529	0.011376
0.042572	0.011373
0.042659	0.011377
0.042831	0.011387
0.043176	0.011411
0.043349	0.011382
0.043435	0.011368
0.043435	0.011362
0.043478	0.011363
0.043515	0.011360
0.043588	0.011363
0.043735	0.011372
0.044029	0.011392
0.044176	0.011368
0.044471	0.011386
0.044471	0.011348
0.044512	0.011349
0.044554	0.011346
0.044638	0.011349
0.044806	0.011359
0.045142	0.011382
0.045309	0.011354
0.045393	0.011340
0.045561	0.011349
0.045561	0.011327
0.045562	0.011329
0.045563	0.011329
0.045566	0.011331
0.045570	0.011333
0.045578	0.011335
0.045594	0.011336
0.045626	0.011337
0.045691	0.011340
0.045821	0.011348
0.046080	0.011367
0.046210	0.011346
0.046469	0.011363
0.046469	0.011328
0.046471	0.011329
0.046473	0.011330
0.046476	0.011331
0.046482	0.011332
0.046495	0.011332
0.046521	0.011332
0.046573	0.011334
0.046677	0.011339
0.046885	0.011353
0.046989	0.011337
0.047197	0.011350
0.047405	0.011348
0.047509	0.011331
0.047509	0.011323
0.047510	0.011324
0.047510	0.011323
0.047510	0.011323
0.047511	0.011323
0.047513	0.011323
0.047516	0.011323
0.047522	0.011323
0.047535	0.011323
0.047561	0.011323
0.047613	0.011324
0.047717	0.011329
0.047925	0.011343
0.048029	0.011327
0.048237	0.011341
0.048445	0.011338
0.048549	0.011321
0.048549	0.011314
0.048550	0.011314
0.048550	0.011314
0.048550	0.011314
0.048551	0.011314
0.048553	0.011314
0.048556	0.011314
0.048562	0.011313
0.048575	0.011313
0.048601	0.011313
0.048653	0.011314
0.048757	0.011319
0.048965	0.011333
0.049069	0.011317
0.049277	0.011330
0.049485	0.011327
0.049589	0.011311
0.049589	0.011304
0.049641	0.011304
0.049685	0.011301
0.049771	0.011305
0.049944	0.011315
0.050289	0.011338
0.050462	0.011309
0.050549	0.011295
0.050549	0.011289
0.050592	0.011290
0.050630	0.011287
0.050707	0.011290
0.050860	0.011299
0.051166	0.011318
0.051320	0.011294
0.051626	0.011310
0.051626	0.011285
0.051626	0.011259
0.051626	0.011262
0.051627	0.011263
0.051627	0.011264
0.051628	0.011266
0.051631	0.011269
0.051636	0.011273
0.051638	0.011274
0.051643	0.011277
0.051645	0.011278
0.051650	0.011280
0.051652	0.011281
0.051657	0.011283
0.051660	0.011284
0.051664	0.011285
0.051667	0.011286
0.051672	0.011287
0.051674	0.011288
0.051679	0.011289
0.051688	0.011291
0.051707	0.011292
0.051746	0.011294
0.051822	0.011298
0.051976	0.011308
0.052282	0.011327
0.052435	0.011304
0.052742	0.011319
0.052742	0.011268
0.052742	0.011271
0.052742	0.011272
0.052742	0.011273
0.052743	0.011274
0.052744	0.011276
0.052747	0.011279
0.052751	0.011284
0.052754	0.011285
0.052759	0.011288
0.052761	0.011289
0.052766	0.011292
0.052768	0.011293
0.052773	0.011295
0.052775	0.011296
0.052780	0.011297
0.052783	0.011298
0.052787	0.011299
0.052797	0.011302
0.052816	0.011303
0.052854	0.011305
0.052931	0.011309
0.053084	0.011318
0.053161	0.011308
0.053314	0.011316
0.053621	0.011335
0.053774	0.011312
0.053774	0.011302
0.053850	0.011302
0.053919	0.011297
0.054057	0.011303
0.054126	0.011293
0.054264	0.011300
0.054540	0.011313
0.054678	0.011295
0.054678	0.011289
0.054747	0.011288
0.054809	0.011285
0.054933	0.011290
0.055181	0.011301
0.055305	0.011285
0.055554	0.011298
0.055802	0.011292
0.055802	0.011264
0.055824	0.011270
0.055847	0.011272
0.055892	0.011273
0.055981	0.011277
0.056161	0.011285
0.056251	0.011275
0.056430	0.011283
0.056520	0.011272
0.056700	0.011280
0.056789	0.011270
0.056789	0.011268
0.056879	0.011272
0.056969	0.011270
0.057148	0.011278
0.057238	0.011268
0.057418	0.011276
0.057508	0.011266
0.057687	0.011274
0.057687	0.011267
0.057695	0.011286
0.057703	0.011298
0.057718	0.011302
0.057750	0.011302
0.057812	0.011303
0.057937	0.011308
0.058000	0.011300
0.058125	0.011306
0.058375	0.011320
0.058500	0.011304
0.058562	0.011296
0.058687	0.011301
0.058687	0.011297
0.058695	0.011313
0.058703	0.011323
0.058718	0.011327
0.058750	0.011327
0.058812	0.011329
0.058937	0.011335
0.059000	0.011327
0.059125	0.011333
0.059375	0.011348
0.059500	0.011331
0.059750	0.011345
0.059750	0.011319
0.059757	0.011333
0.059765	0.011342
0.059781	0.011345
0.059812	0.011346
0.059875	0.011348
0.060000	0.011354
0.060062	0.011346
0.060187	0.011352
0.060437	0.011368
0.060562	0.011350
0.060812	0.011365
0.060812	0.011336
0.060820	0.011349
0.060828	0.011356
0.060843	0.011359
0.060875	0.011359
0.060937	0.011361
0.061062	0.011368
0.061312	0.011383
0.061437	0.011365
0.061687	0.011379