Time (s)	Shear rate (1/s), Domain Probe 1
0.0000	3.9762
4.4511E-8	3.5138
8.9022E-8	3.2659
1.7804E-7	3.0048
3.5609E-7	2.6674
5.3413E-7	2.4568
8.9022E-7	2.1672
1.2463E-6	1.9880
1.6024E-6	1.8582
2.3146E-6	1.6592
3.0268E-6	1.5210
4.4511E-6	1.3322
5.8755E-6	4.7939
7.2998E-6	11.797
1.0149E-5	37.527
1.2997E-5	75.085
1.5846E-5	118.33
2.1543E-5	198.94
2.7241E-5	264.76
3.2938E-5	312.82
4.4333E-5	372.18
5.5728E-5	398.93
6.7123E-5	408.52
8.9913E-5	410.40
1.1270E-4	399.10
1.3549E-4	384.27
1.5828E-4	369.39
2.0386E-4	342.89
2.4488E-4	322.15
2.5514E-4	317.42
2.7565E-4	308.43
3.1667E-4	292.10
3.5769E-4	277.72
4.3974E-4	260.05
5.2178E-4	295.57
6.8586E-4	428.35
7.3058E-4	483.06
8.2000E-4	600.25
9.9884E-4	871.58
0.0011777	1188.5
0.0013565	1542.0
0.0013565	1442.7
0.0013677	1349.9
0.0013773	1278.7
0.0013964	1317.9
0.0013976	1202.5
0.0014000	1116.2
0.0014048	1036.8
0.0014143	1053.5
0.0014167	988.92
0.0014215	942.54
0.0014311	960.88
0.0014335	919.51
0.0014383	889.66
0.0014478	905.69
0.0014502	876.72
0.0014550	855.72
0.0014646	869.38
0.0014837	921.03
0.0014849	889.86
0.0014873	866.81
0.0014921	845.68
0.0015016	852.48
0.0015208	893.09
0.0015220	868.76
0.0015244	850.55
0.0015291	833.95
0.0015387	838.75
0.0015578	872.36
0.0015590	853.69
0.0015614	839.55
0.0015662	826.85
0.0015758	830.68
0.0015949	858.92
0.0016332	889.47
0.0017097	927.23
0.0018627	983.29
0.0021689	1078.6
0.0021689	1075.3
0.0022081	1093.5
0.0022393	1102.9
0.0023019	1121.7
0.0024269	1158.9
0.0024894	1180.0
0.0026145	1215.5
0.0026770	1235.8
0.0028021	1270.1
0.0028646	1289.7
0.0029897	1324.1
0.0029897	1305.7
0.0030210	1326.4
0.0030522	1335.6
0.0031147	1353.6
0.0032398	1387.5
0.0033023	1406.6
0.0034274	1438.9
0.0034899	1457.2
0.0036150	1489.1
0.0036775	1507.3
0.0038026	1538.7
0.0038651	1556.4
0.0038651	1542.2
0.0038846	1547.2
0.0039040	1550.4
0.0039430	1562.7
0.0040209	1583.0
0.0041766	1620.3
0.0044882	1692.3
0.0046439	1730.8
0.0047218	1749.5
0.0047218	1741.5
0.0047346	1716.4
0.0047474	1714.4
0.0047730	1727.7
0.0048241	1743.2
0.0049265	1766.6
0.0051311	1808.9
0.0052334	1831.4
0.0054381	1869.7
0.0056427	1906.9
0.0056427	1900.8
0.0056562	1879.7
0.0056696	1879.2
0.0056965	1890.3
0.0057503	1903.1
0.0058578	1922.5
0.0060729	1958.0
0.0061804	1976.1
0.0063955	2006.4
0.0066105	2034.9
0.0066105	2028.1
0.0066246	2012.8
0.0066388	2012.4
0.0066670	2021.0
0.0067235	2030.8
0.0068365	2045.8
0.0070626	2071.7
0.0071756	2084.4
0.0072321	2090.4
0.0073451	2100.7
0.0075711	2119.2
0.0075711	2110.6
0.0075855	4254.3
0.0076000	2098.2
0.0076289	2104.4
0.0076866	2110.9
0.0078022	2120.8
0.0078599	2125.3
0.0079755	2132.9
0.0082065	2145.5
0.0083221	2150.5
0.0083230	2138.2
0.0083248	2127.7
0.0083266	2121.1
0.0083302	2113.0
0.0083320	2109.8
0.0083356	2104.9
0.0083428	2100.7
0.0083464	2097.0
0.0083537	2093.7
0.0083681	2100.6
0.0083970	2108.8
0.0084547	2115.6
0.0085703	2121.8
0.0085703	2118.2
0.0085775	13859
0.0085847	2099.0
0.0085992	2101.5
0.0086280	2105.7
0.0086289	2101.6
0.0086308	2098.3
0.0086344	2094.9
0.0086416	2092.1
0.0086452	2090.4
0.0086524	2089.8
0.0086669	2091.9
0.0086957	2095.9
0.0087535	2099.9
0.0088690	2104.2
0.0089268	2105.7
0.0090423	2107.5
0.0091001	2108.0
0.0092156	2108.4
0.0092734	2108.2
0.0093889	2107.3
0.0094467	2106.5
0.0095622	2104.8
0.0096200	2103.2
0.0096200	2099.7
0.0097319	6776.8
0.0098181	2110.6
0.0098397	2106.9
0.0098828	2102.5
0.0099043	2099.9
0.0099474	2097.1
0.0099488	2091.1
0.0099515	2086.6
0.0099569	2083.0
0.0099676	2082.0
0.0099730	2077.7
0.0099838	2077.2
0.010005	2078.8
0.010048	2078.5
0.010135	2075.6
0.010178	2073.4
0.010179	2069.8
0.010182	2067.3
0.010187	2068.3
0.010198	2067.9
0.010219	2064.9
0.010263	2063.7
0.010284	2062.5
0.010287	2063.3
0.010292	2064.9
0.010303	2064.8
0.010325	2062.0
0.010368	2058.5
0.010389	2057.2
0.010392	2059.4
0.010397	2060.4
0.010408	2059.9
0.010430	2057.4
0.010432	2058.8
0.010438	2059.3
0.010448	2058.6
0.010470	2056.2
0.010473	2057.3
0.010478	2057.5
0.010489	2056.7
0.010510	2054.5
0.010513	2055.3
0.010519	2055.4
0.010529	2054.6
0.010551	2052.6
0.010594	2049.3
0.010680	2042.9
0.010680	2045.9
0.010681	2045.0
0.010682	2044.8
0.010685	2044.7
0.010690	2044.6
0.010692	2044.5
0.010697	2044.3
0.010707	2043.5
0.010728	2041.6
0.010769	2038.1
0.010850	2031.5
0.010852	2032.8
0.010858	2032.5
0.010868	2031.7
0.010888	2029.6
0.010891	2030.0
0.010896	2029.8
0.010906	2028.9
0.010926	2027.0
0.010967	2023.2
0.010987	2021.6
0.010990	2022.0
0.010995	2021.7
0.011005	2020.9
0.011025	2018.8
0.011066	2015.0
0.011086	2013.2
0.011127	2009.4
0.011208	2001.8
0.011219	2001.3
0.011239	1999.8
0.011280	1995.0
0.011361	1986.4
0.011402	1982.4
0.011483	1973.5
0.011646	1955.7
0.011651	1957.1
0.011653	1956.8
0.011658	1956.2
0.011669	1955.0
0.011689	1952.4
0.011730	1947.5
0.011750	1945.2
0.011760	1944.4
0.011781	1941.8
0.011791	1940.8
0.011791	1942.7
0.011793	1942.4
0.011798	1941.0
0.011809	1939.3
0.011814	1938.8
0.011824	1937.5
0.011844	1934.8
0.011854	1933.7
0.011875	1931.2
0.011915	1925.9
0.011997	1915.5
0.012037	1910.5
0.012119	1899.9
0.012281	1877.1
0.012363	1866.0
0.012365	1866.6
0.012367	1866.4
0.012369	1865.8
0.012374	1865.0
0.012384	1863.5
0.012390	1862.8
0.012400	1861.4
0.012420	1858.4
0.012461	1852.5
0.012481	1849.7
0.012484	1849.6
0.012489	1848.9
0.012499	1847.4
0.012519	1844.3
0.012560	1838.2
0.012580	1835.4
0.012590	1834.0
0.012611	1830.9
0.012651	1824.6
0.012672	1821.7
0.012682	1820.2
0.012702	1817.0
0.012743	1810.7
0.012824	1797.7
0.012865	1792.0
0.012870	1791.3
0.012880	1789.6
0.012901	1786.0
0.012901	1786.8
0.012902	47563
0.012904	1794.1
0.012908	1785.2
0.012909	1782.3
0.012913	1782.5
0.012920	1781.8
0.012923	1781.5
0.012930	1780.6
0.012944	1778.1
0.012972	1773.1
0.013028	1763.5
0.013055	1759.1
0.013111	1749.4
0.013139	1744.8
0.013153	1742.6
0.013154	1742.6
0.013158	1742.0
0.013165	1740.9
0.013179	1738.3
0.013207	1733.3
0.013262	1723.7
0.013269	1723.5
0.013273	1722.8
0.013274	1722.5
0.013278	1721.9
0.013285	1720.6
0.013288	1720.1
0.013295	1718.9
0.013309	1716.3
0.013337	1711.4
0.013340	1711.2
0.013347	1709.8
0.013361	1707.4
0.013389	1702.3
0.013393	1702.1
0.013400	1701.1
0.013413	1698.4
0.013441	1693.3
0.013497	1683.1
0.013525	1678.3
0.013539	1675.9
0.013540	1675.7
0.013544	1675.2
0.013551	1673.8
0.013565	1671.3
0.013593	1666.0
0.013606	1663.5
0.013634	1658.2
0.013690	1647.6
0.013718	1642.6
0.013773	1633.0
0.013780	1631.7
0.013794	1628.5
0.013822	1622.7
0.013878	1611.7
0.013905	1606.5
0.013961	1595.7
0.013968	1594.5
0.013982	1592.1
0.014010	1586.0
0.014010	3623.2
0.014011	1.0442E5
0.014012	1610.0
0.014014	1600.2
0.014015	1597.4
0.014017	1594.1
0.014021	1590.5
0.014021	1590.1
0.014022	1589.4
0.014023	1589.0
0.014024	1588.4
0.014026	1587.3
0.014030	1585.6
0.014032	1584.8
0.014036	1583.4
0.014044	1581.1
0.014048	1580.0
0.014056	1578.0
0.014057	1577.8
0.014059	1577.8
0.014063	1576.5
0.014065	1576.0
0.014066	1575.8
0.014068	1575.3
0.014072	1574.3
0.014074	1573.9
0.014078	1573.0
0.014086	1571.2
0.014102	1567.9
0.014135	1561.2
0.014199	1548.0
0.014231	1541.8
0.014295	1528.5
0.014424	1501.1
0.014440	1499.0
0.014473	2118.3
0.014489	1489.0
0.014521	1481.8
0.014585	1467.5
0.014714	1439.3
0.014730	1436.8
0.014762	1429.8
0.014827	1414.9
0.014859	1408.3
0.014875	1405.0
0.014877	1404.4
0.014881	1403.1
0.014889	1401.1
0.014905	1397.6
0.014937	1390.4
0.015002	1376.0
0.015130	1346.7
0.015130	1350.4
0.015131	5276.5
0.015131	1349.0
0.015132	1348.4
0.015133	1347.8
0.015135	1346.9
0.015136	1346.5
0.015138	1345.8
0.015142	1344.7
0.015150	1342.5
0.015154	1341.5
0.015162	1339.6
0.015178	1336.0
0.015210	1328.7
0.015226	1325.2
0.015259	1317.7
0.015323	1302.4
0.015355	1295.2
0.015419	1280.4
0.015548	2666.5
0.015613	1235.4
0.015741	1205.5
0.015745	1205.8
0.015753	54115
0.015770	1199.4
0.015802	1191.2
0.015866	1175.2
0.015898	1167.8
0.015963	1151.6
0.016091	2242.8
0.016156	1104.5
0.016188	1608.6
0.016252	1227.1
0.016252	10047
0.016317	1070.8
0.016381	1051.7
0.016413	1043.5
0.016478	1680.9
0.016607	995.34
0.016623	990.73
0.016631	987.62
0.016647	983.75
0.016679	975.84
0.016743	960.25
0.016872	930.02
0.016937	912.37
0.017065	956.86
0.017130	864.51
0.017258	833.76
0.017323	815.76
0.017323	818.91
0.017339	1897.0
0.017371	803.38
0.017436	788.07
0.017564	757.77
0.017629	739.92
0.017661	731.12
0.017725	715.87
0.017854	685.31
0.018112	625.29
0.018240	590.51
0.018305	572.68
0.018434	602.83
0.018434	545.80
0.018466	5060.3
0.018530	518.53
0.018659	489.67
0.018916	449.17
0.019045	478.35
0.019303	542.69
0.019367	555.40
0.019496	588.48
0.019496	586.04
0.019531	72727
0.019566	5302.9
0.019602	620.02
0.019672	635.41
0.019813	669.62
0.019883	685.45
0.020024	1053.8
0.020095	738.62
0.020235	775.56
0.020306	791.88
0.020447	828.34
0.020464	830.83
0.020499	840.12
0.020570	858.90
0.020570	861.38
0.020587	8435.4
0.020623	871.53
0.020693	890.11
0.020834	1017.8
0.020904	943.87
0.021045	5141.1
0.021116	997.10
0.021257	3228.2
0.021327	1050.9
0.021468	1437.7
0.021485	1089.8
0.021488	1087.2
0.021492	1086.1
0.021501	1087.1
0.021518	1092.7
0.021554	1102.4
0.021624	1120.3
0.021624	1123.6
0.021642	8564.6
0.021677	1132.6
0.021747	1268.3
0.021783	1159.6
0.021800	1163.3
0.021835	1172.2
0.021906	3601.1
0.021941	1198.1
0.022011	2689.2
0.022152	1250.3
0.022223	1266.3
0.022231	1266.5
0.022249	2198.2
0.022284	1279.0
0.022355	1296.3
0.022390	1304.3
0.022460	1576.8
0.022496	1329.7
0.022566	1346.1
0.022707	1379.4
0.022724	1382.1
0.022724	1383.0
0.022729	16705
0.022738	3581.3
0.022755	1385.5
0.022757	1384.9
0.022762	1385.1
0.022771	1386.7
0.022788	1391.3
0.022824	1399.9
0.022894	1416.1
0.023035	1448.0
0.023105	1463.2
0.023114	1464.3
0.023132	1468.2
0.023167	1476.1
0.023184	1479.6
0.023187	1479.2
0.023191	1479.4
0.023193	1479.5
0.023198	1480.2
0.023206	1482.0
0.023224	1486.3
0.023259	1494.4
0.023330	1510.0
0.023365	1517.4
0.023383	1520.7
0.023418	1528.3
0.023488	1543.4
0.023490	1543.1
0.023491	1542.8
0.023494	1542.9
0.023498	1543.5
0.023507	1545.1
0.023511	1545.8
0.023520	1547.6
0.023538	1551.6
0.023573	1559.0
0.023643	1573.7
0.023652	1575.1
0.023657	1575.6
0.023665	1577.0
0.023670	1577.6
0.023679	1579.3
0.023696	1583.0
0.023731	1590.2
0.023749	1593.6
0.023784	1600.8
0.023784	1604.8
0.023819	94519
0.023855	29295
0.023890	3841.6
0.023907	1645.5
0.023910	1644.9
0.023910	1644.8
0.023910	1644.6
0.023912	1644.4
0.023914	1644.2
0.023918	1644.0
0.023927	1643.9
0.023928	1643.9
0.023928	1643.9
0.023928	1643.9
0.023929	1643.9
0.023930	1643.9
0.023931	1643.9
0.023932	1643.9
0.023934	1643.9
0.023938	1644.0
0.023947	1644.6
0.023952	1645.0
0.023954	1645.1
0.023958	1645.5
0.023967	1646.3
0.023971	1646.8
0.023980	1647.5
0.023998	1649.9
0.024033	1655.3
0.024051	1658.0
0.024059	1659.2
0.024077	1662.2
0.024112	1667.9
0.024130	1670.8
0.024165	1676.9
0.024235	1689.2
0.024271	1695.2
0.024341	1707.0
0.024482	3060.8
0.024552	1743.7
0.024561	1745.1
0.024579	1748.5
0.024614	1754.1
0.024684	1766.3
0.024720	1772.2
0.024790	1784.7
0.024790	4462.9
0.024790	1909.7
0.024790	1923.2
0.024790	1899.3
0.024790	1873.5
0.024790	1807.3
0.024790	1782.8
0.024790	1780.1
0.024790	24699
0.024790	91647
0.024790	63529
0.024790	1794.2
0.024790	1788.9
0.024790	4503.2
0.024791	1789.1
0.024791	6940.8
0.024791	1786.6
0.024792	1785.7
0.024794	1785.3
0.024798	1785.4
0.024806	1786.5
0.024810	1787.1
0.024812	1787.4
0.024816	1788.0
0.024818	1788.3
0.024819	1788.5
0.024821	1788.8
0.024822	1788.9
0.024824	1789.2
0.024828	1789.9
0.024836	1791.2
0.024840	1791.8
0.024848	1793.1
0.024864	1795.7
0.024895	1800.7
0.024911	1803.3
0.024943	1809.4
0.025006	1818.3
0.025038	1823.1
0.025101	1832.8
0.025133	1837.3
0.025196	1847.0
0.025323	1866.0
0.025386	2586.3
0.025418	1878.1
0.025482	1887.0
0.025608	1904.6
0.025672	1912.6
0.025798	1929.3
0.025862	1936.6
0.025862	2216.6
0.025925	90874
0.025989	1963.6
0.026052	1968.4
0.026179	1977.0
0.026242	1980.9
0.026274	1983.4
0.026337	1988.9
0.026464	2001.4
0.026480	2003.1
0.026488	2004.3
0.026504	2005.6
0.026535	2007.9
0.026599	2013.7
0.026607	2014.9
0.026611	2015.4
0.026618	2016.4
0.026634	2017.6
0.026666	2020.2
0.026729	2025.2
0.026761	2027.8
0.026824	2032.9
0.026951	2042.2
0.026951	2047.5
0.026952	2045.4
0.026953	2044.3
0.026955	2043.9
0.026959	2044.0
0.026967	2044.4
0.026982	2045.1
0.026984	2045.2
0.026988	2045.7
0.026996	2046.3
0.027012	2047.2
0.027044	2049.3
0.027060	2050.1
0.027091	2052.2
0.027155	2056.2
0.027282	2064.4
0.027297	2065.6
0.027329	2067.2
0.027361	2068.9
0.027377	2069.9
0.027379	2070.5
0.027380	2070.6
0.027382	2070.8
0.027386	2071.2
0.027386	2071.3
0.027387	2071.3
0.027389	2071.5
0.027393	2071.7
0.027395	2071.9
0.027399	2072.2
0.027407	2072.6
0.027423	2073.3
0.027454	2074.8
0.027518	2077.8
0.027549	2079.3
0.027613	2082.2
0.027740	2087.2
0.027803	2089.3
0.027811	2090.0
0.027815	2090.3
0.027823	2090.7
0.027839	2091.0
0.027870	2091.9
0.027934	2093.5
0.027965	2094.3
0.027981	2094.8
0.028013	2095.7
0.028029	2095.9
0.028029	2098.2
0.028033	2096.7
0.028037	2096.7
0.028045	2096.8
0.028060	2096.9
0.028092	2097.2
0.028108	2097.5
0.028140	2098.2
0.028203	2099.2
0.028235	2099.9
0.028251	2100.3
0.028282	2100.6
0.028346	2101.4
0.028377	2101.9
0.028393	2102.1
0.028395	2102.6
0.028399	2102.7
0.028407	2102.9
0.028423	2102.9
0.028455	2102.9
0.028470	2103.1
0.028472	2103.5
0.028476	2103.6
0.028484	2103.7
0.028500	2103.6
0.028532	2103.5
0.028595	2103.5
0.028627	2103.2
0.028643	2103.3
0.028674	2103.2
0.028738	2102.5
0.028740	2103.4
0.028741	2103.2
0.028743	2103.2
0.028747	2103.2
0.028755	2103.2
0.028759	2103.2
0.028767	2103.1
0.028768	2103.2
0.028770	2103.2
0.028774	2103.1
0.028781	2103.1
0.028785	2103.1
0.028793	2103.0
0.028809	2102.7
0.028841	2102.1
0.028904	2101.2
0.028912	2101.3
0.028928	2100.7
0.028936	2100.8
0.028952	2100.3
0.028983	2099.5
0.029047	2098.0
0.029079	2097.1
0.029094	2096.8
0.029126	2095.9
0.029126	2097.7
0.029128	2096.4
0.029130	2096.2
0.029133	2096.2
0.029141	2096.0
0.029155	2095.6
0.029183	2094.7
0.029240	2093.1
0.029248	2093.4
0.029262	2092.8
0.029290	2091.7
0.029347	2090.0
0.029376	2089.0
0.029433	2087.5
0.029547	2082.1
0.029561	2081.5
0.029568	2081.4
0.029583	2080.7
0.029611	2079.3
0.029668	2076.4
0.029782	2070.1
0.029839	2067.7
0.029868	2065.6
0.029871	2065.9
0.029879	2065.4
0.029893	2064.4
0.029921	2062.8
0.029936	2061.8
0.029964	2059.7
0.030021	2055.4
0.030050	2053.7
0.030064	2052.8
0.030066	2053.1
0.030069	2052.8
0.030076	2052.4
0.030091	2051.5
0.030119	2049.4
0.030133	2048.5
0.030162	2046.4
0.030176	2045.5
0.030205	2043.5
0.030219	2042.5
0.030219	2044.6
0.030233	2053.6
0.030246	2046.6
0.030272	2044.5
0.030323	2037.5
0.030426	2027.4
0.030439	2027.1
0.030440	2027.0
0.030443	2026.5
0.030450	2025.9
0.030463	2024.7
0.030469	2024.2
0.030482	2023.0
0.030508	2020.7
0.030520	2019.6
0.030546	2017.1
0.030598	2012.5
0.030700	2002.8
0.030713	2002.0
0.030739	1999.2
0.030745	1998.7
0.030758	1997.7
0.030784	1995.0
0.030796	1993.6
0.030822	1990.9
0.030873	1985.4
0.030976	1974.3
0.031027	1969.0
0.031130	1958.9
0.031130	1972.9
0.031233	1948.0
0.031325	1936.3
0.031510	1912.5
0.031602	1901.1
0.031649	1895.2
0.031672	1892.0
0.031675	1891.7
0.031680	1890.8
0.031692	1889.0
0.031715	1885.8
0.031718	1885.6
0.031724	1884.7
0.031735	1883.0
0.031758	1879.7
0.031805	1873.0
0.031828	1869.7
0.031874	1863.2
0.031880	1862.7
0.031891	1860.8
0.031914	1857.6
0.031961	1850.8
0.031984	1847.8
0.031987	1847.5
0.031992	1846.5
0.032004	1845.1
0.032010	1844.1
0.032021	1842.1
0.032044	1839.3
0.032091	1832.0
0.032183	1817.8
0.032229	1811.0
0.032229	1818.6
0.032230	1811.6
0.032231	1810.9
0.032232	1810.7
0.032235	1810.2
0.032235	1810.1
0.032236	1810.0
0.032237	1809.8
0.032240	1809.3
0.032246	1808.4
0.032249	1808.0
0.032255	1807.1
0.032258	1806.7
0.032263	1805.7
0.032275	1803.9
0.032298	1800.2
0.032344	1792.8
0.032367	1789.3
0.032414	1781.7
0.032437	1778.2
0.032440	1777.9
0.032441	1777.6
0.032444	1777.1
0.032450	1776.0
0.032461	1774.0
0.032467	1773.0
0.032479	1771.0
0.032502	1767.0
0.032513	1765.2
0.032519	1764.3
0.032531	1762.3
0.032536	1761.3
0.032548	1759.3
0.032571	1755.3
0.032583	1753.4
0.032606	1749.3
0.032652	1741.4
0.032658	1741.0
0.032669	1738.8
0.032692	1734.4
0.032739	1726.2
0.032831	1710.1
0.032877	3559.7
0.032900	1698.8
0.032946	1690.3
0.032970	1686.4
0.033016	1677.8
0.033108	1660.5
0.033154	1652.5
0.033160	1651.6
0.033163	1651.0
0.033169	1649.7
0.033180	1647.4
0.033203	1642.9
0.033250	1634.0
0.033273	1629.6
0.033276	1629.2
0.033281	1627.9
0.033293	1625.6
0.033316	1621.1
0.033319	1620.7
0.033325	1619.4
0.033336	1617.1
0.033336	1619.2
0.033339	5111.5
0.033345	1616.2
0.033357	1613.6
0.033380	1608.7
0.033391	1606.6
0.033397	1605.4
0.033409	1603.0
0.033432	1598.3
0.033478	1588.9
0.033501	1584.5
0.033547	1576.3
0.033640	1557.0
0.033651	1554.9
0.033657	1553.6
0.033668	1551.3
0.033692	1546.7
0.033738	1537.2
0.033744	1536.3
0.033755	1533.7
0.033778	1529.0
0.033824	1519.4
0.033830	1518.5
0.033842	1516.0
0.033865	1511.1
0.033876	1508.8
0.033899	1503.8
0.033911	1501.4
0.033912	1501.2
0.033915	1500.5
0.033921	1499.1
0.033933	1496.7
0.033938	1495.4
0.033950	1493.0
0.033956	1491.7
0.033967	1489.7
0.033990	1588.4
0.034002	1482.1
0.034025	1477.0
0.034037	1474.6
0.034060	1469.6
0.034071	1467.0
0.034077	1465.7
0.034089	1463.2
0.034112	1458.1
0.034158	1447.9
0.034181	1977.0
0.034227	1945.1
0.034320	1412.4
0.034331	1410.7
0.034337	1409.2
0.034349	1406.6
0.034372	1401.4
0.034383	1399.0
0.034406	1393.8
0.034452	1383.4
0.034452	7709.1
0.034453	1384.8
0.034455	1383.8
0.034458	1382.9
0.034459	1382.4
0.034462	1574.9
0.034463	1381.4
0.034466	1380.7
0.034472	1379.2
0.034484	1376.6
0.034490	1375.2
0.034501	1372.6
0.034525	1367.4
0.034571	1356.7
0.034594	1351.6
0.034641	1341.0
0.034647	1339.9
0.034658	1337.0
0.034682	1331.7
0.034728	1320.8
0.034821	1298.9
0.034833	1297.0
0.034856	1291.6
0.034903	1280.2
0.034996	1258.1
0.035043	1248.1
0.035136	1226.4
0.035182	1215.3
0.035276	1193.0
0.035287	1190.8
0.035311	1184.9
0.035357	1173.4
0.035450	1151.4
0.035497	1879.2
0.035497	1143.4
0.035508	3004.8
0.035532	1131.4
0.035578	1119.9
0.035671	1098.0
0.035718	1085.5
0.035741	1080.2
0.035788	1068.7
0.035881	1047.1
0.035928	1034.6
0.035951	1028.9
0.035998	1017.6
0.036091	995.52
0.036137	982.66
0.036230	960.42
0.036417	917.18
0.036510	891.16
0.036556	878.41
0.036562	876.97
0.036574	1495.0
0.036597	868.97
0.036597	869.22
0.036603	5882.6
0.036615	865.44
0.036638	859.52
0.036685	848.09
0.036778	825.33
0.036789	820.33
0.036813	815.06
0.036859	804.02
0.036952	782.01
0.036999	769.22
0.037092	747.31
0.037139	734.38
0.037232	712.21
0.037278	699.16
0.037372	677.38
0.037558	635.15
0.037651	608.58
0.037651	612.33
0.037698	49739
0.037739	589.59
0.037823	3634.5
0.037834	562.21
0.037855	557.66
0.037897	547.80
0.037980	528.57
0.038148	490.94
0.038232	468.24
0.038400	446.42
0.038484	464.77
0.038525	474.25
0.038609	495.35
0.038609	497.50
0.038630	51620
0.038672	510.96
0.038756	531.56
0.038924	573.89
0.039008	593.55
0.039175	1141.7
0.039259	656.86
0.039427	700.50
0.039511	720.46
0.039678	764.85
0.039678	764.41
0.039689	1.3260E5
0.039699	11613
0.039710	804.16
0.039731	795.03
0.039773	795.73
0.039856	810.91
0.039898	819.00
0.039982	839.52
0.040024	849.00
0.040045	853.66
0.040087	864.50
0.040108	869.25
0.040150	2431.6
0.040234	901.90
0.040276	911.76
0.040359	933.43
0.040401	943.21
0.040485	964.76
0.040527	974.77
0.040611	996.84
0.040779	1040.9
0.040779	1052.9
0.040779	5003.8
0.040779	1043.1
0.040780	1040.9
0.040781	1039.4
0.040784	1038.6
0.040789	1038.6
0.040791	1038.7
0.040797	1039.4
0.040799	1039.7
0.040805	1040.7
0.040815	1043.4
0.040836	1049.3
0.040878	1060.4
0.040899	1065.4
0.040902	1064.9
0.040907	1065.6
0.040917	1068.2
0.040938	1074.0
0.040980	1085.0
0.041064	1106.5
0.041106	1116.1
0.041190	1867.2
0.041357	1180.9
0.041441	1200.4
0.041609	1242.7
0.041693	1261.9
0.041735	1270.4
0.041819	1290.7
0.041819	1294.9
0.041839	20956
0.041881	28391
0.041923	1316.3
0.042007	1335.2
0.042018	1336.3
0.042039	1341.2
0.042080	1351.3
0.042164	1371.4
0.042206	1380.0
0.042227	1384.3
0.042230	1384.0
0.042231	1384.0
0.042234	1384.2
0.042239	1385.1
0.042249	1387.5
0.042270	1392.7
0.042312	1402.5
0.042396	1421.6
0.042438	1430.4
0.042522	1449.5
0.042564	1458.3
0.042648	1555.1
0.042690	1486.2
0.042773	1504.5
0.042776	1504.6
0.042781	1504.9
0.042784	1505.2
0.042789	1505.8
0.042800	1508.0
0.042821	1512.8
0.042831	1514.9
0.042852	1519.4
0.042894	1528.5
0.042915	1532.7
0.042915	1535.3
0.042916	1533.5
0.042919	1533.4
0.042924	1534.2
0.042935	1536.2
0.042956	1540.6
0.042966	1542.7
0.042987	1547.1
0.043029	1555.9
0.043050	1560.0
0.043060	1561.9
0.043081	1566.2
0.043123	1574.8
0.043128	1575.6
0.043139	1577.5
0.043160	1581.8
0.043202	1590.3
0.043223	1594.4
0.043265	1603.0
0.043349	1620.0
0.043390	1628.1
0.043396	1629.3
0.043406	1631.0
0.043411	1632.0
0.043422	1633.9
0.043443	1638.0
0.043485	1646.3
0.043506	1650.2
0.043516	1652.1
0.043521	1653.1
0.043532	1655.1
0.043553	1659.1
0.043556	1659.7
0.043561	1660.6
0.043571	1662.5
0.043592	1666.5
0.043603	1668.5
0.043624	1672.4
0.043666	1680.3
0.043667	1680.8
0.043669	1681.0
0.043675	1681.9
0.043685	1683.7
0.043706	1687.5
0.043748	1695.3
0.043832	1710.6
0.043874	1718.2
0.043958	1733.7
0.043958	7268.7
0.044041	7013.3
0.044113	1764.9
0.044116	1765.7
0.044120	1765.9
0.044129	1766.7
0.044147	1768.8
0.044156	1770.0
0.044174	1772.5
0.044210	1777.2
0.044282	1788.8
0.044318	1794.4
0.044322	1795.2
0.044331	1796.4
0.044349	1799.3
0.044351	1799.8
0.044356	1800.4
0.044358	1800.8
0.044359	1801.0
0.044361	1801.3
0.044366	1802.0
0.044375	1803.4
0.044393	1806.2
0.044429	1811.7
0.044447	1814.5
0.044483	1819.9
0.044554	1830.8
0.044563	1832.2
0.044565	1832.4
0.044567	1832.7
0.044571	1833.4
0.044580	1834.7
0.044585	1835.4
0.044594	1836.6
0.044612	1839.3
0.044648	1844.6
0.044719	1855.5
0.044863	1876.2
0.044935	1885.4
0.044935	1892.0
0.044953	8912.1
0.044989	1894.2
0.045007	1895.1
0.045043	1899.8
0.045115	1909.1
0.045150	1913.4
0.045155	1914.3
0.045164	1916.5
0.045182	1918.2
0.045218	1922.4
0.045222	1923.5
0.045231	1924.6
0.045249	1927.2
0.045285	1931.1
0.045290	1931.7
0.045299	1932.9
0.045317	1935.4
0.045353	1939.4
0.045357	1940.0
0.045366	1941.4
0.045370	1941.9
0.045371	1942.0
0.045372	1942.1
0.045374	1942.3
0.045379	1942.9
0.045381	1943.2
0.045386	1943.7
0.045395	1944.8
0.045396	1945.0
0.045398	1945.2
0.045402	1945.7
0.045411	1946.8
0.045416	1947.4
0.045418	1947.6
0.045423	1948.1
0.045432	1949.2
0.045436	1949.7
0.045438	1950.0
0.045443	1950.5
0.045452	1951.5
0.045456	1952.1
0.045459	1952.3
0.045463	1952.8
0.045472	1953.9
0.045490	1955.8
0.045499	1956.9
0.045504	1957.4
0.045512	1958.4
0.045530	1960.3
0.045539	1961.4
0.045541	1961.6
0.045543	1961.8
0.045547	1962.2
0.045556	1963.2
0.045574	1965.1
0.045583	1966.1
0.045584	1966.4
0.045587	1966.5
0.045591	1967.0
0.045600	1968.2
0.045605	1968.6
0.045607	1968.8
0.045611	1969.3
0.045620	1970.2
0.045625	1970.7
0.045634	1971.7
0.045652	1973.5
0.045688	1977.1
0.045706	1978.9
0.045741	1982.5
0.045813	1990.0
0.045957	2004.5
0.045975	2006.4
0.046011	2009.2
0.046011	2010.9
0.046015	2675.3
0.046020	2010.1
0.046029	2011.1
0.046033	2011.5
0.046042	2012.3
0.046060	2013.9
0.046069	2014.8
0.046087	2016.4
0.046123	2019.4
0.046141	2021.0
0.046177	2024.0
0.046249	2030.5
0.046285	2032.8
0.046357	2039.3
0.046392	2041.3
0.046464	2045.8
0.046608	2055.3
0.046626	2056.3
0.046635	2057.4
0.046653	2058.1
0.046689	2060.3
0.046707	2061.5
0.046743	2063.8
0.046761	2064.9
0.046797	2067.0
0.046868	2071.1
0.046877	2071.9
0.046895	2072.7
0.046904	2073.6
0.046905	2073.8
0.046908	2074.0
0.046912	2074.3
0.046914	2074.5
0.046919	2074.8
0.046928	2075.3
0.046946	2076.0
0.046982	2077.6
0.047054	2080.9
0.047063	2081.6
0.047081	2082.3
0.047116	2083.6
0.047116	2085.4
0.047119	2084.4
0.047121	2084.2
0.047125	2084.4
0.047133	2084.7
0.047149	2085.2
0.047181	2086.3
0.047246	2088.7
0.047278	2089.8
0.047343	2091.9
0.047472	2095.4
0.047537	2096.3
0.047545	2096.9
0.047561	2097.2
0.047594	2097.5
0.047610	2097.9
0.047612	2098.3
0.047616	2098.6
0.047624	2098.8
0.047640	2099.0
0.047672	2099.4
0.047688	2099.8
0.047721	2100.2
0.047785	2101.2
0.047915	2102.7
0.047931	2103.1
0.047963	2103.6
0.047996	2103.3
0.048060	2103.6
0.048190	2102.3
0.048206	2102.5
0.048206	2105.8
0.048211	2102.2
0.048215	2102.8
0.048224	2102.8
0.048243	2102.4
0.048279	2101.8
0.048351	2100.5
0.048353	2101.5
0.048358	2101.2
0.048367	2101.1
0.048385	2100.5
0.048421	2099.6
0.048494	2097.9
0.048530	2097.0
0.048548	2096.6
0.048584	2095.9
0.048657	2094.1
0.048693	2092.9
0.048765	2090.7
0.048910	2086.7
0.048928	2086.1
0.048965	2083.7
0.049001	2082.2
0.049019	2081.5
0.049021	2082.0
0.049026	2081.9
0.049035	2081.6
0.049053	2080.5
0.049055	2080.8
0.049060	2080.6
0.049069	2080.2
0.049087	2079.2
0.049123	2077.2
0.049141	2076.3
0.049177	2074.3
0.049196	2073.4
0.049232	2071.3
0.049304	2066.9
0.049313	2066.8
0.049313	2069.3
0.049322	74186
0.049324	2125.1
0.049328	2102.7
0.049336	2090.1
0.049351	2085.6
0.049382	2081.3
0.049443	2075.2
0.049445	2072.3
0.049449	2069.4
0.049457	2994.9
0.049472	2068.3
0.049503	2065.0
0.049564	2060.4
0.049595	2058.4
0.049656	2053.8
0.049658	2052.6
0.049659	2051.5
0.049661	2050.8
0.049665	2049.7
0.049672	2048.5
0.049676	2047.8
0.049684	2046.8
0.049688	2046.2
0.049689	2046.0
0.049693	2045.5
0.049701	2044.7
0.049702	2044.7
0.049704	2044.4
0.049708	2043.9
0.049715	2043.2
0.049719	2042.9
0.049727	2042.2
0.049742	2041.3
0.049744	2041.1
0.049748	2040.6
0.049756	2039.8
0.049771	2038.6
0.049773	2038.5
0.049774	2038.4
0.049776	2038.2
0.049780	2037.8
0.049787	2037.1
0.049791	2036.8
0.049799	2036.1
0.049803	2035.8
0.049810	2035.1
0.049826	2034.0
0.049833	2033.4
0.049837	2033.0
0.049839	2032.8
0.049843	2032.4
0.049851	2031.8
0.049854	2031.4
0.049862	2030.8
0.049877	2029.6
0.049885	2029.0
0.049889	2028.6
0.049897	2027.9
0.049912	2026.7
0.049920	2026.0
0.049935	2024.7
0.049966	2022.0
0.050027	2016.8
0.050035	2016.4
0.050050	2015.0
0.050081	2012.0
0.050142	2006.3
0.050150	2005.8
0.050165	2004.2
0.050173	2003.4
0.050188	2001.7
0.050219	1998.9
0.050234	1997.2
0.050265	1994.1
0.050280	1992.6
0.050288	1991.7
0.050291	1991.3
0.050299	1990.5
0.050314	1988.9
0.050345	1985.7
0.050406	1979.1
0.050406	1980.9
0.050410	1982.6
0.050414	1979.6
0.050421	1978.5
0.050434	1976.5
0.050441	1975.8
0.050445	1975.4
0.050452	1974.6
0.050465	1973.0
0.050472	1972.3
0.050476	1971.9
0.050478	1971.7
0.050481	1971.4
0.050488	1970.6
0.050502	1969.1
0.050529	1966.1
0.050585	1960.0
0.050612	1957.0
0.050626	1955.6
0.050654	1952.5
0.050709	1946.2
0.050819	1933.2
0.050823	1933.8
0.050830	1932.4
0.050836	1931.4
0.050850	1929.7
0.050857	1928.9
0.050871	1927.3
0.050899	1923.5
0.050912	1921.9
0.050940	1918.4
0.050954	1916.7
0.050981	1913.2
0.050995	1911.5
0.051023	1908.0
0.051078	1900.4
0.051085	1899.9
0.051099	1897.9
0.051126	1894.0
0.051182	1886.5
0.051209	1882.6
0.051264	1874.9
0.051292	1871.1
0.051306	1869.0
0.051307	1868.9
0.051311	1868.3
0.051318	1867.2
0.051321	1866.8
0.051323	1866.6
0.051326	1866.1
0.051333	1865.1
0.051337	1864.6
0.051339	1864.4
0.051342	1863.9
0.051349	1862.9
0.051352	1862.5
0.051354	1862.2
0.051355	1862.1
0.051357	1861.9
0.051357	1861.7
0.051359	1861.5
0.051363	1861.0
0.051370	1860.0
0.051373	1859.5
0.051375	1859.3
0.051378	1858.8
0.051385	1857.9
0.051399	1855.8
0.051406	1854.9
0.051409	1854.3
0.051416	1853.4
0.051430	1851.3
0.051458	1847.3
0.051471	1845.4
0.051478	1844.5
0.051492	1842.4
0.051520	1838.2
0.051520	1842.0
0.051532	2212.0
0.051543	1839.0
0.051567	1833.3
0.051570	1832.9
0.051576	1831.6
0.051579	1831.0
0.051585	1829.9
0.051597	1827.9
0.051620	1824.1
0.051623	1823.9
0.051629	1822.7
0.051632	1822.3
0.051638	1821.3
0.051650	1819.3
0.051674	1815.6
0.051686	1813.9
0.051709	1810.1
0.051721	1808.3
0.051745	1804.4