*******************Nano Measurer 1.2.5*******************
********************************************************
==================Basic report==================
Total	365
Max./um	311.09
Min./um	9.67
Mean/um	45.86
No.	Particle size/um
1	157.68	
2	43.90	
3	34.02	
4	29.84	
5	34.03	
6	31.41	
7	57.06	
8	49.98	
9	29.48	
10	44.54	
11	34.65	
12	31.41	
13	34.58	
14	29.68	
15	71.66	
16	72.42	
17	65.28	
18	67.88	
19	78.85	
20	78.61	
21	22.82	
22	62.41	
23	17.27	
24	58.69	
25	71.36	
26	50.46	
27	31.65	
28	22.57	
29	39.27	
30	24.94	
31	21.48	
32	21.81	
33	32.27	
34	24.94	
35	19.13	
36	36.94	
37	139.24	
38	50.05	
39	20.41	
40	19.63	
41	22.06	
42	17.83	
43	23.84	
44	16.52	
45	16.78	
46	224.53	
47	68.46	
48	42.08	
49	111.53	
50	31.21	
51	26.21	
52	28.57	
53	37.25	
54	21.48	
55	10.61	
56	34.91	
57	18.98	
58	16.52	
59	18.76	
60	32.57	
61	19.57	
62	42.77	
63	21.48	
64	21.87	
65	22.81	
66	30.84	
67	29.30	
68	26.53	
69	22.50	
70	24.77	
71	20.20	
72	32.05	
73	38.25	
74	41.51	
75	35.27	
76	56.07	
77	24.94	
78	22.57	
79	67.87	
80	38.29	
81	21.48	
82	21.02	
83	21.35	
84	33.96	
85	39.59	
86	57.26	
87	59.58	
88	27.77	
89	45.08	
90	21.02	
91	24.94	
92	18.15	
93	20.48	
94	30.93	
95	13.42	
96	17.11	
97	48.06	
98	70.09	
99	23.73	
100	35.27	
101	32.57	
102	32.96	
103	21.88	
104	23.73	
105	29.68	
106	56.39	
107	26.89	
108	33.42	
109	106.53	
110	23.55	
111	82.86	
112	49.33	
113	31.66	
114	31.52	
115	31.65	
116	28.52	
117	24.77	
118	27.92	
119	29.35	
120	40.33	
121	37.51	
122	170.13	
123	119.21	
124	102.27	
125	43.75	
126	111.94	
127	142.43	
128	141.23	
129	25.16	
130	30.25	
131	39.16	
132	20.48	
133	37.70	
134	39.12	
135	21.81	
136	51.68	
137	38.62	
138	279.10	
139	155.94	
140	69.28	
141	36.55	
142	48.69	
143	32.41	
144	63.43	
145	37.75	
146	28.49	
147	18.18	
148	34.23	
149	25.80	
150	29.16	
151	47.26	
152	31.85	
153	30.20	
154	46.91	
155	54.06	
156	49.16	
157	90.90	
158	37.13	
159	27.72	
160	28.49	
161	21.35	
162	25.84	
163	32.53	
164	33.11	
165	52.06	
166	33.25	
167	41.46	
168	22.45	
169	46.63	
170	61.30	
171	17.67	
172	50.94	
173	79.48	
174	23.87	
175	31.09	
176	18.43	
177	39.52	
178	28.85	
179	57.69	
180	34.23	
181	42.30	
182	63.69	
183	17.61	
184	24.16	
185	40.79	
186	44.41	
187	16.88	
188	25.84	
189	153.43	
190	93.99	
191	56.98	
192	32.53	
193	58.33	
194	81.09	
195	254.76	
196	85.52	
197	100.64	
198	145.34	
199	93.77	
200	311.09	
201	98.98	
202	68.93	
203	53.95	
204	33.25	
205	37.38	
206	41.46	
207	78.52	
208	40.88	
209	44.60	
210	83.06	
211	39.25	
212	58.33	
213	66.85	
214	44.81	
215	64.99	
216	83.93	
217	32.10	
218	62.19	
219	37.83	
220	51.95	
221	71.23	
222	92.12	
223	49.16	
224	47.38	
225	53.96	
226	58.62	
227	66.17	
228	46.21	
229	46.02	
230	85.34	
231	78.63	
232	146.44	
233	81.83	
234	16.05	
235	77.06	
236	34.43	
237	28.37	
238	37.38	
239	43.89	
240	35.12	
241	51.65	
242	21.46	
243	45.92	
244	19.34	
245	21.46	
246	33.11	
247	163.44	
248	66.85	
249	148.55	
250	32.31	
251	165.86	
252	28.85	
253	56.53	
254	22.69	
255	27.22	
256	23.10	
257	31.71	
258	26.71	
259	21.46	
260	30.09	
261	68.77	
262	50.20	
263	76.31	
264	55.68	
265	10.99	
266	30.57	
267	54.44	
268	64.51	
269	9.67	
270	18.18	
271	37.74	
272	36.51	
273	32.42	
274	16.88	
275	21.03	
276	26.71	
277	13.59	
278	24.16	
279	42.73	
280	37.84	
281	55.38	
282	36.36	
283	93.38	
284	30.38	
285	28.09	
286	27.84	
287	26.37	
288	11.79	
289	63.70	
290	20.98	
291	80.35	
292	47.26	
293	29.16	
294	56.19	
295	30.38	
296	69.16	
297	33.76	
298	21.46	
299	34.16	
300	33.12	
301	29.31	
302	22.65	
303	19.33	
304	23.87	
305	46.52	
306	21.62	
307	21.03	
308	25.13	
309	12.99	
310	21.46	
311	10.89	
312	17.22	
313	45.04	
314	26.37	
315	36.51	
316	61.15	
317	24.76	
318	44.89	
319	16.05	
320	32.42	
321	19.63	
322	43.55	
323	50.73	
324	56.10	
325	23.58	
326	30.20	
327	23.58	
328	25.67	
329	39.86	
330	34.23	
331	22.99	
332	34.06	
333	27.84	
334	28.65	
335	27.22	
336	29.31	
337	64.49	
338	49.17	
339	18.18	
340	38.43	
341	19.22	
342	41.45	
343	20.26	
344	19.34	
345	27.56	
346	34.23	
347	21.77	
348	14.33	
349	22.65	
350	19.34	
351	24.35	
352	23.05	
353	18.68	
354	47.03	
355	29.74	
356	43.88	
357	38.67	
358	36.36	
359	32.10	
360	33.26	
361	23.58	
362	86.47	
363	57.50	
364	79.26	
365	51.53	
===============Statistical report===============
Distr./um	Mean/um	Amount	Freq.
9-39.3	24.15	220	60.27%
39.3-69.6	54.45	95	26.03%
69.6-99.89999	84.75	28	7.67%
99.89999-130.2	115.05	6	1.64%
130.2-160.5	145.35	9	2.47%
160.5-190.8	175.65	3	0.82%
190.8-221.1	205.95	0	0.00%
221.1-251.4	236.25	1	0.27%
251.4-281.7	266.55	2	0.55%
281.7-312	296.85	1	0.27%
********************************************************

