*******************Nano Measurer 1.2.5*******************
********************************************************
==================Basic report==================
Total	37
Max./um	19.09
Min./um	4.08
Mean/um	8.42
No.	Particle size/um
1	19.09	
2	11.75	
3	10.95	
4	12.22	
5	9.52	
6	10.35	
7	16.63	
8	7.15	
9	5.18	
10	6.54	
11	11.31	
12	13.67	
13	5.18	
14	5.33	
15	6.22	
16	7.67	
17	8.86	
18	5.55	
19	5.88	
20	5.35	
21	6.95	
22	9.54	
23	6.90	
24	15.94	
25	5.05	
26	5.65	
27	4.08	
28	8.69	
29	7.16	
30	6.64	
31	6.26	
32	6.95	
33	8.52	
34	7.51	
35	6.60	
36	7.39	
37	7.21	
===============Statistical report===============
Distr./um	Mean/um	Amount	Freq.
4-5.6	4.8	7	18.92%
5.6-7.2	6.4	12	32.43%
7.2-8.8	8	6	16.22%
8.8-10.4	9.6	4	10.81%
10.4-12	11.2	3	8.11%
12-13.6	12.8	1	2.70%
13.6-15.2	14.4	1	2.70%
15.2-16.8	16	2	5.41%
16.8-18.4	17.6	0	0.00%
18.4-20	19.2	1	2.70%
********************************************************
 
