*******************Nano Measurer 1.2.5*******************
********************************************************
==================Basic report==================
Total	40
Max./um	17.86
Min./um	7.19
Mean/um	12.48
No.	Particle size/um
1	15.09	
2	12.21	
3	13.89	
4	17.86	
5	12.50	
6	14.50	
7	11.22	
8	13.14	
9	13.92	
10	10.70	
11	10.04	
12	13.54	
13	11.04	
14	11.32	
15	13.46	
16	11.87	
17	10.79	
18	12.11	
19	10.64	
20	13.54	
21	7.19	
22	11.86	
23	11.25	
24	10.47	
25	13.64	
26	14.95	
27	15.13	
28	13.81	
29	13.01	
30	12.06	
31	11.68	
32	13.03	
33	8.99	
34	14.32	
35	14.58	
36	9.42	
37	12.87	
38	10.68	
39	14.00	
40	12.96	
===============Statistical report===============
Distr./um	Mean/um	Amount	Freq.
7-8.1	7.55	1	2.50%
8.1-9.2	8.65	1	2.50%
9.2-10.3	9.75	2	5.00%
10.3-11.4	10.85	9	22.50%
11.4-12.5	11.95	6	15.00%
12.5-13.6	13.05	9	22.50%
13.6-14.7	14.15	8	20.00%
14.7-15.8	15.25	3	7.50%
15.8-16.9	16.35	0	0.00%
16.9-18	17.45	1	2.50%
********************************************************
 