*******************Nano Measurer 1.2.5*******************
********************************************************
==================Basic report==================
Total	43
Max./um	43.19
Min./um	7.87
Mean/um	23.64
No.	Particle size/um
1	31.88	
2	40.85	
3	37.24	
4	38.35	
5	21.85	
6	43.19	
7	24.16	
8	22.24	
9	17.49	
10	35.30	
11	21.87	
12	28.61	
13	26.65	
14	18.81	
15	33.28	
16	27.05	
17	22.99	
18	26.53	
19	23.51	
20	21.64	
21	15.55	
22	10.82	
23	16.78	
24	24.37	
25	32.64	
26	12.28	
27	21.87	
28	11.14	
29	16.78	
30	15.32	
31	40.10	
32	15.45	
33	17.19	
34	21.59	
35	12.07	
36	15.95	
37	13.99	
38	7.87	
39	33.88	
40	25.97	
41	36.93	
42	20.78	
43	13.64	
===============Statistical report===============
Distr./um	Mean/um	Amount	Freq.
7-10.7	8.85	1	2.33%
10.7-14.4	12.55	6	13.95%
14.4-18.1	16.25	8	18.60%
18.1-21.8	19.95	4	9.30%
21.8-25.5	23.65	8	18.60%
25.5-29.2	27.35	5	11.63%
29.2-32.9	31.05	2	4.65%
32.9-36.6	34.75	3	6.98%
36.6-40.3	38.45	4	9.30%
40.3-44	42.15	2	4.65%
********************************************************
 
