*******************Nano Measurer 1.2.5*******************
********************************************************
==================Basic report==================
Total	47
Max./um	5.91
Min./um	1.13
Mean/um	2.87
No.	Particle size/um
1	3.33	
2	5.91	
3	3.29	
4	4.41	
5	1.78	
6	3.62	
7	3.20	
8	3.55	
9	4.15	
10	3.21	
11	3.55	
12	3.02	
13	2.62	
14	2.85	
15	2.64	
16	2.56	
17	2.36	
18	2.51	
19	3.32	
20	2.93	
21	2.83	
22	2.40	
23	2.92	
24	1.62	
25	1.97	
26	2.67	
27	3.22	
28	2.66	
29	3.20	
30	2.48	
31	2.20	
32	1.13	
33	2.18	
34	2.55	
35	2.01	
36	2.45	
37	2.36	
38	1.89	
39	1.57	
40	1.34	
41	4.99	
42	1.40	
43	4.33	
44	1.84	
45	3.80	
46	2.66	
47	5.34	
===============Statistical report===============
Distr./um	Mean/um	Amount	Freq.
1-1.5	1.25	3	6.38%
1.5-2	1.75	6	12.77%
2-2.5	2.25	8	17.02%
2.5-3	2.75	12	25.53%
3-3.5	3.25	8	17.02%
3.5-4	3.75	4	8.51%
4-4.5	4.25	3	6.38%
4.5-5	4.75	1	2.13%
5-5.5	5.25	1	2.13%
5.5-6	5.75	1	2.13%
********************************************************
 