*******************Nano Measurer 1.2.5*******************
********************************************************
==================Basic report==================
Total	99
Max./um	97.14
Min./um	44.39
Mean/um	65.31
No.	Particle size/um
1	83.49	
2	65.81	
3	64.03	
4	73.32	
5	65.91	
6	68.86	
7	76.86	
8	75.23	
9	69.58	
10	66.13	
11	92.07	
12	62.67	
13	64.81	
14	60.88	
15	66.62	
16	65.79	
17	52.74	
18	56.40	
19	59.49	
20	66.29	
21	59.45	
22	63.71	
23	62.31	
24	56.34	
25	67.20	
26	48.69	
27	61.78	
28	60.26	
29	74.78	
30	64.79	
31	61.72	
32	46.62	
33	56.50	
34	50.97	
35	70.31	
36	64.80	
37	60.56	
38	60.01	
39	62.02	
40	75.61	
41	71.83	
42	57.32	
43	62.19	
44	58.40	
45	58.50	
46	56.31	
47	59.58	
48	69.34	
49	66.43	
50	71.31	
51	61.59	
52	65.93	
53	58.06	
54	68.20	
55	73.10	
56	44.39	
57	70.61	
58	63.22	
59	56.83	
60	58.94	
61	73.31	
62	78.67	
63	63.39	
64	60.39	
65	68.61	
66	67.37	
67	47.16	
68	60.58	
69	58.13	
70	64.61	
71	79.95	
72	80.19	
73	53.48	
74	57.91	
75	61.26	
76	77.92	
77	64.92	
78	64.79	
79	57.26	
80	79.44	
81	61.06	
82	64.45	
83	71.63	
84	55.36	
85	68.80	
86	65.24	
87	79.39	
88	67.11	
89	70.43	
90	53.48	
91	75.84	
92	67.83	
93	68.71	
94	75.65	
95	59.81	
96	64.83	
97	75.63	
98	97.14	
99	66.54	
===============Statistical report===============
Distr./um	Mean/um	Amount	Freq.
44-49.4	46.7	4	4.04%
49.4-54.8	52.1	4	4.04%
54.8-60.2	57.5	19	19.19%
60.2-65.6	62.9	27	27.27%
65.6-71	68.3	23	23.23%
71-76.4	73.7	12	12.12%
76.4-81.8	79.10001	7	7.07%
81.8-87.2	84.5	1	1.01%
87.2-92.60001	89.9	1	1.01%
92.60001-98	95.3	1	1.01%
********************************************************

