*******************Nano Measurer 1.2.5*******************
********************************************************
==================Basic report==================
Total	43
Max./um	4.69
Min./um	1.43
Mean/um	2.76
No.	Particle size/um
1	4.40	
2	3.49	
3	4.32	
4	3.86	
5	3.61	
6	2.99	
7	2.86	
8	2.37	
9	3.05	
10	2.86	
11	2.46	
12	3.41	
13	3.30	
14	2.71	
15	2.49	
16	3.65	
17	2.69	
18	2.46	
19	2.49	
20	1.53	
21	1.71	
22	2.08	
23	3.59	
24	2.45	
25	2.53	
26	2.41	
27	1.92	
28	4.15	
29	2.69	
30	2.12	
31	2.19	
32	2.59	
33	1.68	
34	1.80	
35	1.43	
36	2.14	
37	2.84	
38	2.40	
39	2.54	
40	1.84	
41	4.69	
42	2.72	
43	3.03	
===============Statistical report===============
Distr./um	Mean/um	Amount	Freq.
1-1.4	1.2	0	0.00%
1.4-1.8	1.6	4	9.30%
1.8-2.2	2	7	16.28%
2.2-2.6	2.4	11	25.58%
2.6-3	2.8	8	18.60%
3-3.4	3.2	3	6.98%
3.4-3.8	3.6	5	11.63%
3.8-4.2	4	2	4.65%
4.2-4.6	4.4	2	4.65%
4.6-5	4.8	1	2.33%
********************************************************
 