*******************Nano Measurer 1.2.5*******************
********************************************************
==================Basic report==================
Total	57
Max./um	32.35
Min./um	3.22
Mean/um	11.20
No.	Particle size/um
1	13.35	
2	9.74	
3	15.73	
4	14.95	
5	18.04	
6	9.67	
7	15.01	
8	12.78	
9	10.29	
10	9.53	
11	7.78	
12	10.71	
13	17.86	
14	20.46	
15	10.70	
16	9.78	
17	9.02	
18	16.87	
19	17.14	
20	8.69	
21	9.41	
22	8.77	
23	12.57	
24	9.55	
25	14.17	
26	11.86	
27	17.55	
28	32.35	
29	3.22	
30	6.91	
31	6.44	
32	6.51	
33	6.91	
34	8.56	
35	5.41	
36	7.54	
37	8.28	
38	8.02	
39	17.94	
40	10.50	
41	10.78	
42	10.35	
43	12.41	
44	15.06	
45	13.91	
46	10.39	
47	7.32	
48	8.90	
49	9.75	
50	10.40	
51	5.60	
52	6.03	
53	8.98	
54	10.37	
55	8.96	
56	8.59	
57	9.87	
===============Statistical report===============
Distr./um	Mean/um	Amount	Freq.
3-6	4.5	3	5.26%
6-9	7.5	17	29.82%
9-12	10.5	19	33.33%
12-15	13.5	7	12.28%
15-18	16.5	8	14.04%
18-21	19.5	2	3.51%
21-24	22.5	0	0.00%
24-27	25.5	0	0.00%
27-30	28.5	0	0.00%
30-33	31.5	1	1.75%
********************************************************
 