*******************Nano Measurer 1.2.5*******************
********************************************************
==================Basic report==================
Total	44
Max./um	42.74
Min./um	11.22
Mean/um	25.93
No.	Particle size/um
1	28.36	
2	16.05	
3	33.12	
4	23.59	
5	36.55	
6	16.21	
7	27.23	
8	32.43	
9	28.76	
10	34.20	
11	38.56	
12	35.57	
13	22.84	
14	27.68	
15	27.49	
16	22.45	
17	20.98	
18	21.95	
19	27.65	
20	24.90	
21	11.22	
22	21.60	
23	29.97	
24	25.10	
25	17.44	
26	32.61	
27	25.64	
28	24.92	
29	25.21	
30	27.36	
31	20.94	
32	25.13	
33	20.62	
34	26.20	
35	29.76	
36	42.74	
37	19.93	
38	26.69	
39	16.63	
40	24.32	
41	24.73	
42	30.80	
43	19.35	
44	25.64	
===============Statistical report===============
Distr./um	Mean/um	Amount	Freq.
11-14.2	12.6	1	2.27%
14.2-17.4	15.8	3	6.82%
17.4-20.6	19	3	6.82%
20.6-23.8	22.2	8	18.18%
23.8-27	25.4	11	25.00%
27-30.2	28.6	9	20.45%
30.2-33.4	31.8	4	9.09%
33.4-36.6	35	3	6.82%
36.6-39.8	38.2	1	2.27%
39.8-43	41.4	1	2.27%
********************************************************
 
