*******************Nano Measurer 1.2.5*******************
********************************************************
==================Basic report==================
Total	57
Max./um	11.32
Min./um	3.58
Mean/um	7.09
No.	Particle size/um
1	8.69	
2	6.51	
3	8.99	
4	7.61	
5	6.49	
6	7.65	
7	3.58	
8	6.93	
9	7.75	
10	6.07	
11	4.12	
12	7.75	
13	5.26	
14	5.15	
15	6.10	
16	8.16	
17	8.06	
18	5.96	
19	6.90	
20	8.05	
21	6.26	
22	7.60	
23	7.77	
24	6.93	
25	5.81	
26	5.70	
27	5.70	
28	9.23	
29	8.13	
30	3.82	
31	6.49	
32	9.92	
33	8.68	
34	5.94	
35	4.70	
36	5.91	
37	5.83	
38	7.17	
39	11.32	
40	4.91	
41	10.13	
42	6.07	
43	6.22	
44	6.64	
45	5.81	
46	5.37	
47	8.06	
48	6.70	
49	8.94	
50	7.22	
51	8.16	
52	10.08	
53	7.02	
54	7.22	
55	8.95	
56	7.17	
57	10.74	
===============Statistical report===============
Distr./um	Mean/um	Amount	Freq.
3-3.9	3.45	2	3.51%
3.9-4.8	4.35	2	3.51%
4.8-5.7	5.25	4	7.02%
5.7-6.6	6.15	16	28.07%
6.6-7.5	7.05	10	17.54%
7.5-8.4	7.95	12	21.05%
8.4-9.299999	8.849999	6	10.53%
9.299999-10.2	9.75	3	5.26%
10.2-11.1	10.65	1	1.75%
11.1-12	11.55	1	1.75%
********************************************************
 