*******************Nano Measurer 1.2.5*******************
********************************************************
==================Basic report==================
Total	47
Max./um	121.37
Min./um	18.86
Mean/um	79.73
No.	Particle size/um
1	84.80	
2	82.70	
3	114.71	
4	97.28	
5	83.22	
6	83.68	
7	82.94	
8	72.86	
9	93.56	
10	117.71	
11	59.83	
12	94.90	
13	105.46	
14	99.71	
15	93.07	
16	75.04	
17	84.50	
18	98.26	
19	92.45	
20	117.95	
21	48.63	
22	38.63	
23	48.02	
24	99.49	
25	51.52	
26	97.47	
27	58.03	
28	63.27	
29	18.86	
30	104.21	
31	38.19	
32	103.81	
33	82.66	
34	78.56	
35	69.65	
36	54.37	
37	75.51	
38	121.37	
39	90.62	
40	60.07	
41	93.58	
42	71.07	
43	65.95	
44	87.58	
45	66.32	
46	48.54	
47	76.82	
===============Statistical report===============
Distr./um	Mean/um	Amount	Freq.
18-28.4	23.2	1	2.13%
28.4-38.8	33.6	2	4.26%
38.8-49.2	44	3	6.38%
49.2-59.6	54.4	3	6.38%
59.6-70	64.8	6	12.77%
70-80.39999	75.2	6	12.77%
80.39999-90.8	85.59999	9	19.15%
90.8-101.2	96	10	21.28%
101.2-111.6	106.4	3	6.38%
111.6-122	116.8	4	8.51%
********************************************************

