*******************Nano Measurer 1.2.5*******************
********************************************************
==================Basic report==================
Total	384
Max./um	512.91
Min./um	3.07
Mean/um	66.70
No.	Particle size/um
1	66.32	
2	53.65	
3	105.95	
4	30.42	
5	35.03	
6	123.71	
7	92.88	
8	263.62	
9	168.38	
10	73.43	
11	298.39	
12	70.36	
13	45.63	
14	79.39	
15	137.32	
16	58.96	
17	95.49	
18	192.39	
19	45.78	
20	157.55	
21	148.48	
22	51.37	
23	94.06	
24	38.78	
25	97.77	
26	79.06	
27	42.52	
28	52.19	
29	54.55	
30	74.44	
31	42.55	
32	132.48	
33	108.21	
34	166.17	
35	138.13	
36	54.50	
37	40.56	
38	512.91	
39	346.64	
40	88.67	
41	36.48	
42	52.63	
43	57.56	
44	43.08	
45	105.82	
46	126.53	
47	40.62	
48	31.15	
49	46.96	
50	36.48	
51	68.44	
52	41.73	
53	49.27	
54	93.33	
55	142.46	
56	115.50	
57	55.17	
58	220.74	
59	41.80	
60	81.19	
61	28.67	
62	153.31	
63	123.39	
64	52.57	
65	26.72	
66	93.33	
67	51.15	
68	35.85	
69	122.33	
70	32.50	
71	42.76	
72	29.18	
73	113.36	
74	46.40	
75	111.19	
76	78.03	
77	71.71	
78	127.22	
79	107.38	
80	37.41	
81	13.94	
82	125.46	
83	155.37	
84	258.20	
85	51.70	
86	65.23	
87	37.79	
88	87.66	
89	88.91	
90	88.94	
91	43.29	
92	38.51	
93	20.79	
94	30.92	
95	62.97	
96	72.38	
97	35.90	
98	38.81	
99	26.31	
100	71.17	
101	55.30	
102	62.68	
103	44.59	
104	54.32	
105	70.50	
106	151.47	
107	35.25	
108	34.59	
109	34.98	
110	112.83	
111	41.84	
112	47.01	
113	90.06	
114	69.10	
115	123.31	
116	126.44	
117	39.60	
118	8.06	
119	16.71	
120	76.08	
121	81.32	
122	59.48	
123	145.30	
124	39.60	
125	55.37	
126	29.91	
127	61.09	
128	46.15	
129	41.25	
130	72.10	
131	35.24	
132	35.25	
133	117.66	
134	94.03	
135	74.34	
136	22.29	
137	54.90	
138	99.59	
139	99.59	
140	62.39	
141	28.20	
142	42.30	
143	160.37	
144	111.95	
145	57.51	
146	178.36	
147	139.14	
148	19.65	
149	137.32	
150	89.25	
151	90.95	
152	23.79	
153	40.26	
154	62.12	
155	94.51	
156	13.12	
157	27.37	
158	45.77	
159	52.66	
160	62.23	
161	43.07	
162	64.55	
163	79.89	
164	29.59	
165	50.76	
166	22.12	
167	21.86	
168	21.15	
169	16.13	
170	13.83	
171	22.12	
172	23.55	
173	99.58	
174	32.78	
175	54.79	
176	44.63	
177	46.47	
178	12.52	
179	14.10	
180	47.25	
181	65.12	
182	47.01	
183	22.29	
184	17.49	
185	47.73	
186	40.82	
187	38.81	
188	50.08	
189	21.86	
190	27.17	
191	14.10	
192	30.61	
193	48.30	
194	46.96	
195	29.40	
196	19.55	
197	32.07	
198	34.15	
199	31.34	
200	33.30	
201	37.96	
202	43.01	
203	33.64	
204	56.03	
205	98.96	
206	153.31	
207	87.43	
208	30.54	
209	61.73	
210	78.92	
211	65.00	
212	45.81	
213	168.68	
214	58.59	
215	77.48	
216	92.90	
217	90.95	
218	73.47	
219	90.97	
220	59.47	
221	31.52	
222	29.59	
223	21.59	
224	14.89	
225	22.80	
226	16.70	
227	7.05	
228	27.45	
229	21.86	
230	16.70	
231	12.52	
232	114.75	
233	73.70	
234	59.69	
235	43.29	
236	114.83	
237	54.32	
238	50.72	
239	25.04	
240	83.20	
241	47.02	
242	30.36	
243	203.39	
244	94.37	
245	41.24	
246	43.28	
247	55.06	
248	50.83	
249	78.82	
250	29.40	
251	156.56	
252	29.85	
253	119.86	
254	29.84	
255	27.65	
256	48.09	
257	164.34	
258	104.29	
259	58.66	
260	18.45	
261	29.59	
262	26.60	
263	47.29	
264	38.51	
265	27.66	
266	56.03	
267	48.88	
268	30.60	
269	39.35	
270	41.48	
271	57.18	
272	94.07	
273	70.10	
274	262.58	
275	134.45	
276	115.12	
277	163.58	
278	100.03	
279	38.79	
280	55.39	
281	59.14	
282	91.41	
283	103.50	
284	173.16	
285	113.05	
286	49.57	
287	168.91	
288	81.90	
289	140.28	
290	118.28	
291	44.37	
292	182.90	
293	81.95	
294	236.56	
295	38.79	
296	70.72	
297	26.89	
298	67.38	
299	190.55	
300	50.73	
301	57.91	
302	118.77	
303	163.67	
304	25.82	
305	37.01	
306	53.20	
307	120.43	
308	19.24	
309	26.16	
310	100.44	
311	53.92	
312	32.76	
313	69.36	
314	43.23	
315	49.04	
316	9.62	
317	52.36	
318	68.01	
319	15.52	
320	42.36	
321	71.20	
322	36.51	
323	59.91	
324	45.74	
325	38.74	
326	79.33	
327	212.21	
328	70.70	
329	19.31	
330	36.55	
331	30.63	
332	115.44	
333	38.78	
334	81.29	
335	78.64	
336	50.18	
337	28.00	
338	56.00	
339	73.81	
340	14.34	
341	73.89	
342	22.96	
343	87.87	
344	91.82	
345	48.24	
346	11.34	
347	16.03	
348	3.59	
349	10.76	
350	12.93	
351	24.77	
352	16.55	
353	22.16	
354	15.36	
355	26.07	
356	59.10	
357	26.25	
358	12.29	
359	31.63	
360	23.40	
361	51.14	
362	3.07	
363	3.07	
364	40.99	
365	3.07	
366	31.63	
367	6.14	
368	22.16	
369	41.79	
370	63.95	
371	56.06	
372	24.00	
373	22.38	
374	20.62	
375	33.93	
376	18.43	
377	53.67	
378	16.55	
379	24.59	
380	34.35	
381	43.12	
382	52.32	
383	30.87	
384	35.83	
===============Statistical report===============
Distr./um	Mean/um	Amount	Freq.
3-54	28.5	207	53.91%
54-105	79.5	111	28.91%
105-156	130.5	41	10.68%
156-207	181.5	16	4.17%
207-258	232.5	3	0.78%
258-309	283.5	4	1.04%
309-360	334.5	1	0.26%
360-411	385.5	0	0.00%
411-462	436.5	0	0.00%
462-513	487.5	1	0.26%
********************************************************

