*******************Nano Measurer 1.2.5*******************
********************************************************
==================Basic report==================
Total	235
Max./um	882.23
Min./um	13.71
Mean/um	162.13
No.	Particle size/um
1	175.38	
2	96.33	
3	301.72	
4	749.11	
5	426.04	
6	220.63	
7	388.78	
8	149.40	
9	475.33	
10	282.78	
11	530.95	
12	352.77	
13	183.95	
14	121.79	
15	94.65	
16	340.87	
17	661.62	
18	882.23	
19	600.26	
20	391.73	
21	777.61	
22	746.78	
23	272.73	
24	377.63	
25	373.76	
26	325.66	
27	189.59	
28	235.03	
29	270.45	
30	266.17	
31	749.90	
32	447.43	
33	298.87	
34	100.45	
35	205.03	
36	102.33	
37	69.53	
38	376.52	
39	255.69	
40	75.01	
41	96.50	
42	52.86	
43	99.95	
44	72.86	
45	64.83	
46	100.45	
47	275.58	
48	112.76	
49	60.39	
50	254.27	
51	249.45	
52	82.24	
53	336.52	
54	89.00	
55	99.18	
56	79.80	
57	56.71	
58	103.87	
59	296.97	
60	376.47	
61	59.70	
62	148.27	
63	59.71	
64	414.88	
65	286.52	
66	82.82	
67	71.43	
68	60.84	
69	161.34	
70	103.03	
71	142.54	
72	119.37	
73	160.27	
74	247.89	
75	92.72	
76	118.59	
77	73.45	
78	270.08	
79	217.21	
80	107.09	
81	51.72	
82	25.37	
83	43.03	
84	37.73	
85	103.74	
86	79.09	
87	18.04	
88	32.49	
89	23.13	
90	32.82	
91	91.96	
92	36.08	
93	231.98	
94	130.09	
95	88.20	
96	29.08	
97	24.79	
98	61.31	
99	236.41	
100	117.24	
101	124.30	
102	99.83	
103	467.49	
104	104.72	
105	357.51	
106	189.39	
107	353.86	
108	277.09	
109	119.79	
110	212.94	
111	53.56	
112	172.74	
113	165.83	
114	206.06	
115	232.29	
116	250.29	
117	162.79	
118	251.42	
119	215.66	
120	53.77	
121	33.69	
122	74.55	
123	24.19	
124	152.24	
125	50.51	
126	48.41	
127	16.36	
128	13.71	
129	17.22	
130	21.51	
131	105.61	
132	65.27	
133	100.51	
134	187.97	
135	376.41	
136	247.27	
137	38.53	
138	31.16	
139	94.70	
140	101.40	
141	147.44	
142	51.31	
143	35.52	
144	243.99	
145	53.07	
146	55.02	
147	62.15	
148	122.45	
149	83.93	
150	113.63	
151	71.07	
152	92.96	
153	57.81	
154	49.90	
155	44.08	
156	47.80	
157	70.98	
158	44.07	
159	38.32	
160	35.28	
161	79.16	
162	19.26	
163	114.82	
164	65.75	
165	215.62	
166	80.15	
167	51.49	
168	72.70	
169	83.49	
170	63.27	
171	65.24	
172	86.98	
173	106.59	
174	94.78	
175	95.22	
176	90.18	
177	81.57	
178	40.06	
179	30.23	
180	37.40	
181	72.25	
182	28.78	
183	153.04	
184	21.51	
185	26.39	
186	27.04	
187	40.62	
188	45.21	
189	39.49	
190	71.89	
191	420.60	
192	613.39	
193	23.75	
194	30.79	
195	25.99	
196	51.71	
197	91.52	
198	88.21	
199	113.11	
200	68.46	
201	69.95	
202	152.20	
203	182.55	
204	73.15	
205	72.36	
206	159.92	
207	149.47	
208	100.52	
209	72.18	
210	204.51	
211	139.89	
212	141.17	
213	267.19	
214	49.57	
215	278.93	
216	209.50	
217	103.48	
218	54.03	
219	98.89	
220	230.91	
221	130.82	
222	137.16	
223	244.45	
224	60.85	
225	87.56	
226	79.93	
227	152.31	
228	72.18	
229	93.91	
230	204.59	
231	258.71	
232	339.80	
233	419.98	
234	346.06	
235	244.61	
===============Statistical report===============
Distr./um	Mean/um	Amount	Freq.
13-100	56.5	114	48.51%
100-187	143.5	48	20.43%
187-274	230.5	34	14.47%
274-361	317.5	16	6.81%
361-448	404.5	12	5.11%
448-535	491.5	3	1.28%
535-622	578.5	2	0.85%
622-709	665.5	1	0.43%
709-796	752.5	4	1.70%
796-883	839.5	1	0.43%
********************************************************
 