*******************Nano Measurer 1.2.5*******************
********************************************************
==================Basic report==================
Total	229
Max./um	779.17
Min./um	21.52
Mean/um	161.56
No.	Particle size/um
1	118.69	
2	168.27	
3	74.01	
4	73.50	
5	227.76	
6	81.17	
7	75.16	
8	83.38	
9	61.04	
10	94.29	
11	230.83	
12	229.99	
13	294.20	
14	325.14	
15	30.84	
16	34.01	
17	210.39	
18	128.69	
19	372.33	
20	406.71	
21	73.89	
22	183.83	
23	86.34	
24	91.88	
25	186.28	
26	266.15	
27	106.48	
28	101.53	
29	66.11	
30	114.58	
31	66.68	
32	68.50	
33	134.57	
34	124.46	
35	79.61	
36	105.45	
37	248.69	
38	322.22	
39	89.64	
40	163.79	
41	105.45	
42	551.86	
43	188.38	
44	526.44	
45	312.07	
46	397.99	
47	622.26	
48	59.66	
49	75.36	
50	100.44	
51	254.94	
52	221.99	
53	155.64	
54	121.77	
55	106.48	
56	46.62	
57	238.65	
58	167.32	
59	505.71	
60	259.04	
61	263.01	
62	52.94	
63	87.29	
64	210.39	
65	296.39	
66	779.17	
67	307.86	
68	433.13	
69	256.00	
70	81.28	
71	71.17	
72	198.77	
73	129.32	
74	91.43	
75	397.70	
76	380.06	
77	232.66	
78	114.40	
79	113.87	
80	195.74	
81	127.33	
82	183.95	
83	471.06	
84	124.31	
85	292.89	
86	53.77	
87	45.36	
88	180.50	
89	305.53	
90	173.04	
91	139.62	
92	135.28	
93	124.31	
94	86.66	
95	85.24	
96	182.10	
97	56.68	
98	61.05	
99	58.80	
100	75.39	
101	94.64	
102	385.37	
103	58.36	
104	58.38	
105	86.66	
106	415.21	
107	437.75	
108	230.83	
109	104.43	
110	49.81	
111	103.94	
112	104.43	
113	149.22	
114	38.11	
115	41.82	
116	76.99	
117	99.17	
118	318.54	
119	122.11	
120	185.06	
121	134.75	
122	132.69	
123	104.22	
124	41.95	
125	385.38	
126	441.07	
127	96.19	
128	192.18	
129	406.12	
130	162.25	
131	375.06	
132	219.51	
133	238.84	
134	279.27	
135	226.06	
136	159.23	
137	78.61	
138	144.50	
139	196.49	
140	294.48	
141	99.89	
142	281.82	
143	236.29	
144	297.62	
145	137.75	
146	283.94	
147	405.42	
148	261.75	
149	360.06	
150	323.40	
151	86.70	
152	285.71	
153	204.54	
154	210.13	
155	91.41	
156	215.26	
157	296.68	
158	566.94	
159	219.32	
160	193.88	
161	112.22	
162	111.18	
163	113.91	
164	78.72	
165	58.36	
166	194.93	
167	242.09	
168	91.92	
169	133.39	
170	36.02	
171	35.85	
172	175.99	
173	91.39	
174	69.59	
175	76.73	
176	136.31	
177	22.96	
178	115.76	
179	28.91	
180	143.26	
181	73.81	
182	78.70	
183	98.44	
184	68.10	
185	121.33	
186	61.04	
187	45.92	
188	94.11	
189	126.78	
190	52.19	
191	65.93	
192	83.38	
193	51.32	
194	43.76	
195	207.90	
196	89.86	
197	58.35	
198	73.91	
199	28.00	
200	94.29	
201	72.49	
202	51.32	
203	126.27	
204	126.72	
205	99.67	
206	105.89	
207	61.28	
208	43.01	
209	21.52	
210	66.99	
211	51.34	
212	62.62	
213	74.85	
214	70.70	
215	62.60	
216	38.11	
217	36.55	
218	251.30	
219	91.82	
220	61.35	
221	84.62	
222	43.18	
223	44.92	
224	64.62	
225	62.62	
226	48.11	
227	69.62	
228	64.12	
229	49.80	
===============Statistical report===============
Distr./um	Mean/um	Amount	Freq.
21-96.9	58.95	96	41.92%
96.9-172.8	134.85	52	22.71%
172.8-248.7	210.75	35	15.28%
248.7-324.6	286.65	23	10.04%
324.6-400.5	362.55	9	3.93%
400.5-476.4	438.45	8	3.49%
476.4-552.3	514.35	3	1.31%
552.3-628.2	590.25	2	0.87%
628.2-704.1	666.15	0	0.00%
704.1-780	742.05	1	0.44%
********************************************************
 