*******************Nano Measurer 1.2.5*******************
********************************************************
==================Basic report==================
Total	43
Max./um	204.8
Min./um	61.0
Mean/um	126.7
No.	Particle size/um
1	160.9	
2	142.8	
3	100.8	
4	114.2	
5	189.8	
6	91.8	
7	88.9	
8	182.2	
9	70.6	
10	119.4	
11	120.8	
12	84.8	
13	76.0	
14	149.4	
15	97.9	
16	204.8	
17	150.9	
18	199.3	
19	92.9	
20	164.3	
21	83.2	
22	130.7	
23	157.3	
24	167.7	
25	95.6	
26	100.7	
27	61.0	
28	113.2	
29	110.1	
30	76.2	
31	134.6	
32	140.8	
33	119.9	
34	134.2	
35	126.0	
36	109.7	
37	187.4	
38	100.5	
39	170.5	
40	109.5	
41	199.6	
42	69.4	
43	147.1	
===============Statistical report===============
Distr./um	Mean/um	Amount	Freq.
60-75	67.5	3	6.98%
75-90	82.5	5	11.63%
90-105	97.5	7	16.28%
105-120	112.5	7	16.28%
120-135	127.5	5	11.63%
135-150	142.5	4	9.30%
150-165	157.5	4	9.30%
165-180	172.5	2	4.65%
180-195	187.5	3	6.98%
195-210	202.5	3	6.98%
********************************************************