*******************Nano Measurer 1.2.5*******************
********************************************************
==================Basic report==================
Total	37
Max./um	6.07
Min./um	1.15
Mean/um	2.30
No.	Particle size/um
1	3.30	
2	3.01	
3	2.57	
4	2.43	
5	2.38	
6	2.45	
7	2.02	
8	2.75	
9	3.25	
10	2.17	
11	1.39	
12	1.66	
13	1.72	
14	1.55	
15	2.26	
16	6.07	
17	2.51	
18	3.17	
19	2.12	
20	3.33	
21	1.37	
22	1.51	
23	1.29	
24	1.37	
25	1.15	
26	1.60	
27	1.24	
28	2.42	
29	1.49	
30	1.21	
31	1.71	
32	2.70	
33	4.25	
34	2.64	
35	1.36	
36	1.78	
37	3.89	
===============Statistical report===============
Distr./um	Mean/um	Amount	Freq.
1-1.6	1.3	11	29.73%
1.6-2.2	1.9	8	21.62%
2.2-2.8	2.5	10	27.03%
2.8-3.4	3.1	5	13.51%
3.4-4	3.7	1	2.70%
4-4.6	4.3	1	2.70%
4.6-5.2	4.900001	0	0.00%
5.2-5.8	5.5	0	0.00%
5.8-6.4	6.1	1	2.70%
6.4-7	6.7	0	0.00%
********************************************************
 
