*******************Nano Measurer 1.2.5*******************
********************************************************
==================Basic report==================
Total	303
Max./um	499.91
Min./um	35.83
Mean/um	133.45
No.	Particle size/um
1	158.75	
2	71.62	
3	96.24	
4	125.47	
5	196.18	
6	97.09	
7	94.10	
8	103.97	
9	94.95	
10	159.89	
11	137.27	
12	160.38	
13	154.22	
14	386.60	
15	154.66	
16	261.42	
17	305.48	
18	124.87	
19	140.57	
20	312.19	
21	215.87	
22	127.33	
23	121.98	
24	265.30	
25	200.67	
26	156.85	
27	109.02	
28	499.91	
29	315.88	
30	169.21	
31	98.90	
32	318.89	
33	172.32	
34	355.26	
35	283.07	
36	231.11	
37	310.86	
38	181.62	
39	160.28	
40	198.72	
41	69.67	
42	52.23	
43	80.86	
44	109.14	
45	78.34	
46	117.80	
47	37.51	
48	35.83	
49	58.32	
50	139.26	
51	111.01	
52	78.34	
53	114.33	
54	130.76	
55	160.40	
56	74.84	
57	138.09	
58	117.61	
59	178.78	
60	157.56	
61	184.92	
62	256.28	
63	81.12	
64	158.63	
65	94.92	
66	99.73	
67	109.92	
68	67.39	
69	180.46	
70	127.31	
71	140.15	
72	116.83	
73	111.41	
74	222.66	
75	240.63	
76	169.21	
77	128.71	
78	61.44	
79	171.97	
80	62.72	
81	153.79	
82	161.75	
83	102.37	
84	78.41	
85	57.17	
86	47.57	
87	42.51	
88	63.92	
89	102.92	
90	42.51	
91	74.38	
92	60.13	
93	51.38	
94	106.07	
95	63.92	
96	65.04	
97	57.54	
98	100.93	
99	144.12	
100	172.87	
101	139.83	
102	118.42	
103	167.03	
104	98.94	
105	83.53	
106	104.42	
107	113.48	
108	99.65	
109	68.55	
110	76.06	
111	109.46	
112	48.47	
113	83.38	
114	39.69	
115	146.12	
116	112.30	
117	99.16	
118	124.77	
119	58.73	
120	59.21	
121	112.58	
122	100.78	
123	96.37	
124	83.53	
125	83.53	
126	42.52	
127	49.35	
128	73.15	
129	105.16	
130	146.27	
131	155.91	
132	124.55	
133	148.06	
134	194.12	
135	141.33	
136	377.58	
137	98.88	
138	96.37	
139	206.80	
140	225.99	
141	169.22	
142	82.82	
143	96.26	
144	111.82	
145	102.51	
146	140.78	
147	89.38	
148	56.71	
149	188.46	
150	125.35	
151	112.37	
152	82.09	
153	83.06	
154	60.43	
155	94.12	
156	64.75	
157	155.95	
158	102.05	
159	127.53	
160	97.89	
161	57.47	
162	52.20	
163	156.81	
164	55.42	
165	50.22	
166	82.07	
167	111.40	
168	415.16	
169	257.78	
170	209.79	
171	190.48	
172	131.86	
173	152.85	
174	140.90	
175	185.46	
176	249.24	
177	206.72	
178	202.19	
179	67.85	
180	245.12	
181	139.44	
182	98.86	
183	188.12	
184	121.92	
185	199.33	
186	102.47	
187	194.74	
188	110.54	
189	163.49	
190	110.34	
191	127.56	
192	163.77	
193	137.14	
194	83.01	
195	114.10	
196	147.00	
197	61.85	
198	179.20	
199	103.30	
200	85.93	
201	103.42	
202	45.94	
203	91.44	
204	84.16	
205	75.77	
206	68.09	
207	135.72	
208	60.65	
209	118.10	
210	91.43	
211	92.70	
212	44.75	
213	124.55	
214	69.76	
215	137.22	
216	78.52	
217	304.32	
218	94.73	
219	128.69	
220	137.37	
221	135.04	
222	109.19	
223	125.54	
224	158.85	
225	229.69	
226	131.33	
227	132.85	
228	283.03	
229	237.72	
230	118.36	
231	113.10	
232	118.05	
233	97.13	
234	225.03	
235	252.41	
236	59.51	
237	62.35	
238	80.66	
239	120.82	
240	81.76	
241	91.79	
242	110.78	
243	72.25	
244	164.82	
245	184.54	
246	79.43	
247	197.21	
248	121.48	
249	39.69	
250	80.87	
251	290.86	
252	67.23	
253	70.57	
254	244.24	
255	81.77	
256	121.58	
257	184.44	
258	54.37	
259	133.73	
260	150.76	
261	197.39	
262	108.37	
263	66.14	
264	150.78	
265	102.22	
266	245.86	
267	125.09	
268	274.59	
269	242.37	
270	123.96	
271	61.90	
272	111.85	
273	114.88	
274	73.40	
275	89.54	
276	95.50	
277	131.89	
278	60.13	
279	100.78	
280	123.16	
281	135.34	
282	90.97	
283	89.38	
284	113.10	
285	159.71	
286	226.59	
287	221.37	
288	193.17	
289	110.74	
290	168.55	
291	68.93	
292	157.81	
293	116.47	
294	87.46	
295	160.93	
296	125.20	
297	134.43	
298	137.68	
299	158.86	
300	151.41	
301	91.43	
302	134.49	
303	282.72	
===============Statistical report===============
Distr./um	Mean/um	Amount	Freq.
35-81.5	58.25	66	21.78%
81.5-128	104.75	110	36.30%
128-174.5	151.25	67	22.11%
174.5-221	197.75	25	8.25%
221-267.5	244.25	19	6.27%
267.5-314	290.75	9	2.97%
314-360.5	337.25	3	0.99%
360.5-407	383.75	2	0.66%
407-453.5	430.25	1	0.33%
453.5-500	476.75	1	0.33%
********************************************************

