*******************Nano Measurer 1.2.5*******************
********************************************************
==================Basic report==================
Total	270
Max./um	591.52
Min./um	6.10
Mean/um	217.39
No.	Particle size/um
1	412.14	
2	142.34	
3	231.55	
4	216.60	
5	125.60	
6	208.06	
7	100.63	
8	75.44	
9	119.22	
10	423.03	
11	314.47	
12	181.80	
13	133.77	
14	484.59	
15	481.47	
16	192.79	
17	76.28	
18	220.29	
19	79.17	
20	114.54	
21	69.64	
22	329.70	
23	365.91	
24	137.24	
25	241.08	
26	42.48	
27	179.40	
28	88.47	
29	193.70	
30	191.54	
31	370.31	
32	400.67	
33	97.56	
34	253.13	
35	365.26	
36	392.61	
37	258.68	
38	252.72	
39	45.83	
40	113.15	
41	127.37	
42	95.71	
43	215.32	
44	219.81	
45	208.57	
46	156.26	
47	161.15	
48	166.35	
49	246.98	
50	286.28	
51	450.98	
52	195.61	
53	304.39	
54	200.62	
55	179.47	
56	167.49	
57	275.13	
58	195.04	
59	280.85	
60	300.16	
61	142.31	
62	117.10	
63	187.14	
64	121.52	
65	181.91	
66	222.57	
67	204.85	
68	171.73	
69	267.92	
70	312.96	
71	421.56	
72	90.94	
73	124.11	
74	286.66	
75	190.41	
76	175.96	
77	147.32	
78	372.75	
79	357.76	
80	112.85	
81	221.65	
82	108.81	
83	149.67	
84	214.50	
85	102.46	
86	114.13	
87	332.71	
88	109.90	
89	107.11	
90	82.82	
91	194.01	
92	203.32	
93	107.82	
94	256.54	
95	86.64	
96	94.96	
97	214.12	
98	279.82	
99	308.67	
100	144.87	
101	71.75	
102	271.97	
103	272.20	
104	393.61	
105	220.89	
106	149.51	
107	149.43	
108	365.66	
109	129.36	
110	128.64	
111	106.47	
112	231.63	
113	123.50	
114	154.60	
115	223.94	
116	290.90	
117	146.35	
118	407.96	
119	537.82	
120	366.18	
121	197.93	
122	588.05	
123	111.97	
124	259.56	
125	102.20	
126	344.88	
127	127.30	
128	264.20	
129	260.02	
130	327.77	
131	451.91	
132	183.86	
133	237.85	
134	156.91	
135	398.64	
136	331.76	
137	351.78	
138	100.91	
139	162.32	
140	353.38	
141	271.97	
142	430.51	
143	110.16	
144	131.11	
145	120.77	
146	65.94	
147	162.32	
148	124.35	
149	234.72	
150	240.45	
151	355.75	
152	203.86	
153	196.63	
154	224.02	
155	143.87	
156	245.11	
157	311.35	
158	93.05	
159	105.25	
160	284.04	
161	180.06	
162	79.50	
163	151.61	
164	216.23	
165	298.68	
166	216.07	
167	283.65	
168	262.25	
169	171.16	
170	300.32	
171	96.38	
172	181.80	
173	98.40	
174	240.38	
175	302.42	
176	253.51	
177	164.23	
178	103.85	
179	103.84	
180	85.05	
181	356.21	
182	173.81	
183	227.65	
184	248.73	
185	326.43	
186	243.30	
187	432.86	
188	6.10	
189	165.01	
190	198.58	
191	386.07	
192	255.25	
193	298.94	
194	301.57	
195	128.64	
196	187.19	
197	187.17	
198	254.91	
199	241.59	
200	229.19	
201	140.38	
202	149.51	
203	253.07	
204	87.29	
205	277.59	
206	348.97	
207	212.29	
208	230.32	
209	139.01	
210	440.45	
211	179.43	
212	244.61	
213	207.03	
214	332.23	
215	345.63	
216	406.86	
217	259.49	
218	199.16	
219	110.55	
220	413.53	
221	89.73	
222	107.11	
223	141.26	
224	402.45	
225	362.93	
226	155.44	
227	170.79	
228	366.43	
229	241.88	
230	440.09	
231	203.54	
232	470.59	
233	193.97	
234	150.56	
235	156.27	
236	151.37	
237	110.49	
238	246.30	
239	168.63	
240	334.21	
241	241.79	
242	591.52	
243	78.71	
244	113.86	
245	219.12	
246	87.17	
247	95.22	
248	100.63	
249	52.64	
250	187.79	
251	198.20	
252	125.74	
253	108.10	
254	134.29	
255	212.44	
256	181.89	
257	229.68	
258	79.50	
259	290.85	
260	155.48	
261	103.66	
262	281.44	
263	321.89	
264	138.86	
265	272.77	
266	189.00	
267	272.96	
268	159.09	
269	144.92	
270	134.71	
===============Statistical report===============
Distr./um	Mean/um	Amount	Freq.
6-64.6	35.3	4	1.48%
64.6-123.2	93.89999	53	19.63%
123.2-181.8	152.5	57	21.11%
181.8-240.4	211.1	56	20.74%
240.4-299	269.7	43	15.93%
299-357.6	328.3	24	8.89%
357.6-416.2	386.9	19	7.04%
416.2-474.8	445.5	9	3.33%
474.8-533.4	504.1	2	0.74%
533.4-592	562.7	3	1.11%
********************************************************
 