*******************Nano Measurer 1.2.5*******************
********************************************************
==================Basic report==================
Total	78
Max./um	662.40
Min./um	55.94
Mean/um	225.95
No.	Particle size/um
1	197.59	
2	133.05	
3	136.84	
4	384.35	
5	370.69	
6	142.14	
7	206.41	
8	452.92	
9	225.85	
10	178.55	
11	304.78	
12	135.70	
13	55.94	
14	163.51	
15	82.51	
16	78.28	
17	221.50	
18	209.91	
19	120.93	
20	176.40	
21	115.11	
22	179.25	
23	141.64	
24	239.71	
25	94.19	
26	228.48	
27	100.53	
28	112.84	
29	142.59	
30	392.22	
31	121.51	
32	57.73	
33	407.02	
34	662.40	
35	143.42	
36	401.66	
37	249.51	
38	230.90	
39	157.81	
40	527.81	
41	199.65	
42	179.64	
43	97.87	
44	254.85	
45	231.50	
46	226.40	
47	274.57	
48	116.21	
49	394.86	
50	391.18	
51	221.68	
52	205.05	
53	194.24	
54	94.08	
55	176.86	
56	260.98	
57	112.62	
58	392.11	
59	187.61	
60	111.88	
61	171.62	
62	508.50	
63	218.54	
64	206.66	
65	296.20	
66	639.18	
67	224.68	
68	309.46	
69	333.85	
70	261.69	
71	165.09	
72	73.05	
73	308.19	
74	198.06	
75	126.68	
76	241.32	
77	180.44	
78	152.78	
===============Statistical report===============
Distr./um	Mean/um	Amount	Freq.
55-115.8	85.4	13	16.67%
115.8-176.6	146.2	17	21.79%
176.6-237.4	207	23	29.49%
237.4-298.2	267.8	8	10.26%
298.2-359	328.6	4	5.13%
359-419.8	389.4	8	10.26%
419.8-480.6	450.2	1	1.28%
480.6-541.4	511	2	2.56%
541.4-602.2	571.8	0	0.00%
602.2-663	632.6	2	2.56%
********************************************************
 