*******************Nano Measurer 1.2.5*******************
********************************************************
==================Basic report==================
Total	121
Max./um	674.59
Min./um	53.90
Mean/um	234.47
No.	Particle size/um
1	241.67	
2	351.29	
3	148.87	
4	205.68	
5	160.97	
6	431.94	
7	317.41	
8	311.93	
9	139.89	
10	119.54	
11	198.33	
12	180.58	
13	246.36	
14	122.36	
15	84.10	
16	128.59	
17	136.63	
18	235.04	
19	278.81	
20	418.00	
21	203.74	
22	288.33	
23	318.42	
24	100.07	
25	289.51	
26	135.21	
27	264.33	
28	225.54	
29	365.36	
30	314.18	
31	464.45	
32	627.54	
33	153.47	
34	110.65	
35	360.67	
36	215.15	
37	396.22	
38	132.46	
39	221.31	
40	153.13	
41	142.47	
42	151.51	
43	593.78	
44	492.03	
45	268.28	
46	199.96	
47	195.71	
48	182.93	
49	119.39	
50	186.81	
51	247.20	
52	477.70	
53	582.08	
54	156.52	
55	376.41	
56	405.87	
57	90.29	
58	404.49	
59	366.57	
60	276.99	
61	270.12	
62	161.67	
63	266.10	
64	252.48	
65	246.03	
66	145.11	
67	276.44	
68	243.96	
69	290.48	
70	225.08	
71	259.19	
72	104.58	
73	674.59	
74	297.10	
75	179.12	
76	97.10	
77	231.99	
78	412.84	
79	156.26	
80	162.52	
81	177.92	
82	164.22	
83	316.05	
84	217.14	
85	163.92	
86	295.34	
87	137.16	
88	455.36	
89	169.07	
90	177.18	
91	190.65	
92	155.46	
93	95.45	
94	141.02	
95	118.18	
96	104.03	
97	101.65	
98	180.68	
99	186.78	
100	345.66	
101	140.53	
102	208.02	
103	137.38	
104	186.84	
105	92.72	
106	53.90	
107	259.25	
108	250.59	
109	114.56	
110	297.26	
111	195.09	
112	346.50	
113	141.69	
114	116.10	
115	64.69	
116	132.14	
117	258.80	
118	111.07	
119	393.90	
120	196.20	
121	113.62	
===============Statistical report===============
Distr./um	Mean/um	Amount	Freq.
53-115.2	84.1	15	12.40%
115.2-177.4	146.3	32	26.45%
177.4-239.6	208.5	24	19.83%
239.6-301.8	270.7	23	19.01%
301.8-364	332.9	9	7.44%
364-426.2	395.1	9	7.44%
426.2-488.4	457.3	4	3.31%
488.4-550.6	519.5	1	0.83%
550.6-612.8	581.7	2	1.65%
612.8-675	643.9	2	1.65%
********************************************************
 
