*******************Nano Measurer 1.2.5*******************
********************************************************
==================Basic report==================
Total	383
Max./um	909.74
Min./um	84.74
Mean/um	336.60
No.	Particle size/um
1	156.21	
2	219.81	
3	290.76	
4	571.70	
5	485.90	
6	445.91	
7	401.01	
8	540.37	
9	909.74	
10	575.56	
11	415.09	
12	416.70	
13	461.60	
14	664.03	
15	470.98	
16	493.82	
17	542.71	
18	532.05	
19	435.72	
20	492.25	
21	450.05	
22	402.65	
23	635.25	
24	603.71	
25	790.95	
26	476.52	
27	464.83	
28	470.74	
29	283.59	
30	309.06	
31	312.31	
32	346.55	
33	408.19	
34	396.53	
35	465.74	
36	265.68	
37	112.45	
38	224.16	
39	244.48	
40	193.64	
41	341.59	
42	208.07	
43	280.22	
44	460.28	
45	259.68	
46	403.18	
47	401.95	
48	303.23	
49	390.46	
50	338.76	
51	490.22	
52	597.31	
53	176.97	
54	277.94	
55	315.03	
56	349.47	
57	483.96	
58	148.82	
59	410.71	
60	331.60	
61	497.05	
62	416.00	
63	300.28	
64	301.06	
65	447.96	
66	453.15	
67	242.76	
68	319.16	
69	379.41	
70	429.51	
71	335.69	
72	364.27	
73	365.87	
74	474.91	
75	364.34	
76	348.97	
77	218.98	
78	386.27	
79	282.29	
80	366.39	
81	471.71	
82	396.67	
83	369.22	
84	272.78	
85	454.18	
86	432.09	
87	215.56	
88	471.95	
89	238.44	
90	239.05	
91	497.79	
92	409.84	
93	365.92	
94	592.42	
95	351.32	
96	422.41	
97	325.46	
98	220.68	
99	173.46	
100	422.69	
101	346.02	
102	267.45	
103	422.61	
104	309.75	
105	499.63	
106	342.34	
107	331.79	
108	463.91	
109	394.71	
110	257.42	
111	272.38	
112	513.38	
113	285.66	
114	390.46	
115	292.05	
116	351.29	
117	160.20	
118	510.08	
119	351.79	
120	253.65	
121	459.54	
122	376.21	
123	325.87	
124	183.00	
125	179.91	
126	405.47	
127	300.81	
128	213.78	
129	247.65	
130	209.22	
131	264.32	
132	513.56	
133	178.61	
134	225.57	
135	369.70	
136	247.59	
137	400.10	
138	548.30	
139	452.55	
140	311.93	
141	233.73	
142	173.82	
143	317.00	
144	420.35	
145	400.10	
146	525.04	
147	349.38	
148	282.21	
149	336.88	
150	306.29	
151	348.24	
152	426.09	
153	159.58	
154	144.58	
155	190.13	
156	333.66	
157	406.87	
158	286.26	
159	387.53	
160	418.65	
161	293.61	
162	560.37	
163	583.49	
164	500.77	
165	542.79	
166	472.72	
167	428.74	
168	253.56	
169	405.20	
170	353.49	
171	378.59	
172	854.60	
173	432.04	
174	404.86	
175	198.70	
176	212.39	
177	558.31	
178	471.95	
179	268.84	
180	570.12	
181	435.37	
182	289.37	
183	634.98	
184	426.92	
185	585.95	
186	345.28	
187	538.95	
188	578.25	
189	385.92	
190	309.69	
191	351.68	
192	158.54	
193	368.31	
194	125.73	
195	485.13	
196	195.41	
197	237.33	
198	216.67	
199	283.47	
200	309.06	
201	469.72	
202	368.25	
203	512.73	
204	314.16	
205	359.61	
206	533.49	
207	191.49	
208	359.62	
209	420.41	
210	400.89	
211	343.83	
212	318.68	
213	364.36	
214	455.99	
215	729.12	
216	497.53	
217	449.95	
218	503.07	
219	563.47	
220	148.52	
221	318.42	
222	285.08	
223	327.88	
224	269.16	
225	142.34	
226	329.50	
227	254.60	
228	350.64	
229	176.84	
230	271.77	
231	367.09	
232	548.01	
233	418.89	
234	499.03	
235	408.31	
236	383.70	
237	412.76	
238	349.28	
239	289.61	
240	168.12	
241	232.26	
242	404.45	
243	344.97	
244	259.50	
245	345.11	
246	396.49	
247	307.33	
248	397.70	
249	280.09	
250	331.79	
251	347.55	
252	314.97	
253	476.62	
254	262.50	
255	149.47	
256	149.51	
257	120.77	
258	220.19	
259	126.85	
260	414.62	
261	100.96	
262	221.80	
263	165.85	
264	143.96	
265	192.16	
266	238.09	
267	242.44	
268	233.29	
269	165.85	
270	323.14	
271	428.73	
272	430.89	
273	354.17	
274	325.27	
275	164.23	
276	141.28	
277	151.21	
278	244.17	
279	278.28	
280	333.69	
281	175.55	
282	290.73	
283	502.10	
284	296.92	
285	278.01	
286	438.24	
287	357.22	
288	204.47	
289	445.66	
290	332.67	
291	260.45	
292	493.57	
293	261.85	
294	293.58	
295	259.91	
296	243.38	
297	360.60	
298	177.68	
299	271.97	
300	182.43	
301	257.13	
302	332.18	
303	154.85	
304	400.71	
305	260.68	
306	185.64	
307	263.38	
308	132.30	
309	341.33	
310	192.29	
311	394.64	
312	281.19	
313	216.47	
314	315.08	
315	343.59	
316	276.08	
317	190.95	
318	264.25	
319	112.08	
320	211.34	
321	426.80	
322	304.83	
323	147.47	
324	148.13	
325	210.30	
326	203.42	
327	297.76	
328	286.59	
329	412.46	
330	305.42	
331	369.24	
332	282.21	
333	102.87	
334	159.72	
335	112.42	
336	274.40	
337	84.74	
338	214.43	
339	190.13	
340	267.85	
341	215.56	
342	389.20	
343	432.04	
344	417.17	
345	250.15	
346	292.97	
347	128.59	
348	245.84	
349	121.48	
350	340.74	
351	228.61	
352	87.29	
353	233.76	
354	286.26	
355	380.34	
356	274.15	
357	354.11	
358	322.55	
359	85.03	
360	120.69	
361	125.52	
362	389.87	
363	266.12	
364	260.91	
365	267.56	
366	459.20	
367	183.10	
368	368.07	
369	276.54	
370	407.97	
371	249.15	
372	243.51	
373	484.93	
374	329.37	
375	339.80	
376	501.80	
377	130.22	
378	164.52	
379	137.77	
380	325.87	
381	177.80	
382	564.74	
383	494.42	
===============Statistical report===============
Distr./um	Mean/um	Amount	Freq.
84-166.6	125.3	39	10.18%
166.6-249.2	207.9	62	16.19%
249.2-331.8	290.5	92	24.02%
331.8-414.4	373.1	88	22.98%
414.4-497	455.7	60	15.67%
497-579.6	538.3	30	7.83%
579.6-662.2	620.9	7	1.83%
662.2-744.8	703.5	2	0.52%
744.8-827.4	786.1	1	0.26%
827.4-910	868.7	2	0.52%
********************************************************
 
