*******************Nano Measurer 1.2.5*******************
********************************************************
==================Basic report==================
Total	210
Max./um	502.39
Min./um	3.60
Mean/um	164.35
No.	Particle size/um
1	145.38	
2	55.40	
3	122.56	
4	195.06	
5	173.37	
6	166.18	
7	285.48	
8	268.99	
9	167.51	
10	343.45	
11	220.55	
12	91.86	
13	227.25	
14	174.24	
15	103.60	
16	81.55	
17	74.22	
18	67.35	
19	81.72	
20	161.95	
21	77.07	
22	55.02	
23	61.36	
24	83.57	
25	87.19	
26	77.82	
27	99.69	
28	130.62	
29	99.69	
30	107.18	
31	130.20	
32	102.07	
33	86.63	
34	100.38	
35	95.40	
36	66.47	
37	124.30	
38	102.45	
39	119.78	
40	209.96	
41	66.27	
42	117.37	
43	123.03	
44	197.04	
45	82.95	
46	148.27	
47	150.55	
48	270.06	
49	222.27	
50	236.21	
51	164.10	
52	192.10	
53	219.42	
54	300.59	
55	284.36	
56	119.81	
57	153.36	
58	85.98	
59	240.14	
60	90.73	
61	112.81	
62	164.51	
63	201.45	
64	48.35	
65	103.19	
66	146.32	
67	96.15	
68	126.93	
69	236.06	
70	240.99	
71	164.17	
72	165.83	
73	205.43	
74	135.41	
75	262.37	
76	354.48	
77	163.00	
78	182.22	
79	340.59	
80	143.56	
81	137.21	
82	226.92	
83	304.60	
84	214.37	
85	502.39	
86	217.03	
87	283.77	
88	246.55	
89	209.09	
90	254.71	
91	262.88	
92	252.31	
93	188.16	
94	223.51	
95	278.49	
96	134.07	
97	200.14	
98	128.35	
99	61.36	
100	131.16	
101	103.09	
102	87.24	
103	230.02	
104	117.66	
105	105.48	
106	107.16	
107	166.18	
108	196.92	
109	135.29	
110	158.33	
111	170.03	
112	116.32	
113	140.57	
114	172.17	
115	229.13	
116	365.95	
117	365.84	
118	126.08	
119	119.83	
120	274.76	
121	174.51	
122	288.08	
123	176.71	
124	286.91	
125	272.37	
126	111.70	
127	230.77	
128	79.04	
129	270.25	
130	213.46	
131	108.02	
132	126.11	
133	218.22	
134	168.32	
135	242.36	
136	197.26	
137	96.73	
138	135.29	
139	54.89	
140	98.42	
141	78.70	
142	188.10	
143	83.82	
144	3.60	
145	113.14	
146	160.58	
147	97.06	
148	210.95	
149	79.38	
150	132.16	
151	268.19	
152	230.79	
153	328.73	
154	336.94	
155	140.79	
156	166.28	
157	222.86	
158	376.46	
159	166.92	
160	258.73	
161	260.96	
162	368.82	
163	7.21	
164	305.01	
165	291.64	
166	237.42	
167	230.77	
168	161.16	
169	102.54	
170	255.30	
171	261.36	
172	196.85	
173	235.20	
174	259.45	
175	62.00	
176	92.31	
177	75.01	
178	137.93	
179	123.07	
180	50.67	
181	96.72	
182	71.12	
183	65.68	
184	83.17	
185	81.77	
186	85.88	
187	231.63	
188	99.63	
189	55.00	
190	112.42	
191	53.14	
192	37.20	
193	52.52	
194	105.09	
195	29.14	
196	46.43	
197	80.13	
198	104.23	
199	61.56	
200	255.94	
201	75.14	
202	445.93	
203	55.93	
204	24.12	
205	151.45	
206	164.53	
207	190.52	
208	137.88	
209	167.46	
210	154.91	
===============Statistical report===============
Distr./um	Mean/um	Amount	Freq.
3-53	28	9	4.29%
53-103	78	52	24.76%
103-153	128	46	21.90%
153-203	178	37	17.62%
203-253	228	30	14.29%
253-303	278	23	10.95%
303-353	328	6	2.86%
353-403	378	5	2.38%
403-453	428	1	0.48%
453-503	478	1	0.48%
********************************************************
 