*******************Nano Measurer 1.2.5*******************
********************************************************
==================Basic report==================
Total	1000
Max./um	978.01
Min./um	1.51
Mean/um	65.51
No.	Particle size/um
1	70.48	
2	116.17	
3	112.47	
4	187.93	
5	45.86	
6	69.06	
7	226.72	
8	45.51	
9	69.69	
10	69.55	
11	105.79	
12	114.31	
13	45.34	
14	42.97	
15	288.35	
16	395.60	
17	41.48	
18	71.49	
19	48.68	
20	28.04	
21	129.86	
22	29.33	
23	64.88	
24	58.09	
25	36.15	
26	24.11	
27	21.58	
28	40.52	
29	287.15	
30	316.25	
31	80.30	
32	237.51	
33	80.85	
34	33.69	
35	61.78	
36	35.58	
37	70.54	
38	146.56	
39	88.14	
40	48.47	
41	315.82	
42	56.24	
43	41.03	
44	49.65	
45	52.87	
46	60.38	
47	37.68	
48	55.99	
49	49.63	
50	29.97	
51	24.12	
52	36.87	
53	511.96	
54	303.62	
55	279.76	
56	46.12	
57	61.76	
58	94.53	
59	58.28	
60	37.11	
61	58.04	
62	23.23	
63	96.57	
64	285.59	
65	36.74	
66	44.46	
67	37.68	
68	25.15	
69	19.29	
70	88.92	
71	86.76	
72	513.30	
73	498.51	
74	206.94	
75	116.55	
76	147.49	
77	189.69	
78	241.60	
79	188.74	
80	114.27	
81	407.62	
82	70.75	
83	49.39	
84	53.45	
85	49.83	
86	77.60	
87	23.34	
88	30.49	
89	47.18	
90	24.61	
91	70.48	
92	25.67	
93	36.45	
94	85.35	
95	55.52	
96	39.42	
97	53.73	
98	66.06	
99	43.57	
100	66.06	
101	226.75	
102	39.82	
103	60.41	
104	44.43	
105	18.07	
106	33.30	
107	32.58	
108	50.32	
109	21.87	
110	30.84	
111	677.80	
112	432.76	
113	197.28	
114	96.80	
115	40.85	
116	148.48	
117	101.37	
118	77.35	
119	59.36	
120	46.65	
121	30.39	
122	130.69	
123	374.88	
124	133.37	
125	257.92	
126	85.44	
127	324.59	
128	85.61	
129	43.74	
130	94.45	
131	274.74	
132	426.61	
133	19.63	
134	33.60	
135	23.72	
136	27.92	
137	40.40	
138	23.73	
139	40.55	
140	39.02	
141	45.29	
142	57.73	
143	50.59	
144	58.59	
145	51.13	
146	36.90	
147	103.50	
148	370.08	
149	75.53	
150	449.60	
151	27.31	
152	67.12	
153	24.94	
154	16.61	
155	27.77	
156	56.20	
157	46.87	
158	48.17	
159	269.75	
160	49.99	
161	37.84	
162	29.97	
163	99.86	
164	44.03	
165	48.35	
166	25.98	
167	47.67	
168	56.85	
169	258.95	
170	754.87	
171	61.92	
172	49.86	
173	54.71	
174	132.06	
175	60.13	
176	54.13	
177	634.20	
178	80.83	
179	76.31	
180	54.96	
181	32.42	
182	25.84	
183	47.68	
184	33.25	
185	64.00	
186	111.35	
187	38.50	
188	50.76	
189	35.54	
190	26.88	
191	75.51	
192	56.20	
193	78.56	
194	19.69	
195	51.43	
196	58.11	
197	55.94	
198	39.26	
199	52.67	
200	44.40	
201	52.12	
203	47.98	
204	53.43	
205	18.67	
206	23.63	
207	41.08	
208	29.32	
209	1.51	
210	58.73	
211	25.71	
212	38.67	
213	29.78	
214	20.26	
215	14.87	
216	48.62	
217	28.09	
218	34.07	
219	31.13	
220	22.65	
221	17.08	
222	37.50	
223	311.34	
224	619.69	
225	37.38	
226	82.41	
227	46.89	
228	101.48	
229	62.51	
230	76.67	
231	52.75	
232	49.53	
233	31.12	
234	31.13	
235	77.34	
236	179.24	
237	211.50	
238	353.07	
239	137.09	
240	47.20	
241	35.63	
242	27.84	
243	76.22	
244	56.74	
245	38.44	
246	38.02	
247	35.80	
248	70.27	
249	61.08	
250	21.46	
251	285.19	
252	397.91	
253	69.47	
254	46.67	
255	28.29	
256	13.52	
257	27.45	
258	16.01	
259	22.13	
260	8.79	
261	26.65	
262	13.52	
263	15.65	
264	17.20	
265	28.16	
266	29.38	
267	16.59	
268	14.85	
269	17.20	
270	30.13	
271	16.53	
272	16.47	
273	22.51	
274	14.78	
275	25.24	
276	13.73	
277	20.77	
278	25.53	
279	29.08	
280	18.05	
281	45.32	
282	35.68	
283	59.05	
284	30.10	
285	76.80	
286	16.75	
287	41.29	
288	11.65	
289	13.59	
290	18.06	
291	46.04	
292	35.00	
293	19.80	
294	11.06	
295	15.65	
296	20.63	
297	16.47	
298	18.67	
299	22.72	
300	17.20	
301	22.84	
302	18.05	
303	12.95	
304	19.98	
305	15.53	
306	20.27	
307	26.08	
308	42.02	
309	43.95	
310	38.14	
311	37.49	
312	251.16	
313	319.14	
314	33.51	
315	24.44	
316	50.87	
317	21.31	
318	58.40	
319	37.97	
320	43.87	
321	30.96	
322	32.62	
323	31.69	
324	15.53	
325	18.32	
326	215.69	
327	82.65	
328	33.06	
329	31.12	
330	29.18	
331	40.19	
332	40.19	
333	11.81	
334	32.72	
335	122.09	
336	131.86	
337	78.36	
338	63.67	
339	90.07	
340	30.72	
341	33.97	
342	20.48	
343	33.44	
344	37.03	
345	39.31	
346	39.49	
347	29.91	
348	37.01	
349	28.97	
350	37.84	
351	71.73	
352	30.72	
353	229.92	
354	58.97	
355	56.90	
356	30.95	
357	158.41	
358	155.18	
359	355.38	
360	619.80	
361	7.65	
362	30.85	
363	37.41	
364	267.11	
365	191.88	
366	262.27	
367	34.23	
368	137.47	
369	34.80	
370	47.16	
371	52.81	
372	71.22	
373	38.04	
374	67.76	
375	31.49	
376	35.76	
377	62.92	
378	61.44	
379	55.41	
380	31.13	
381	27.71	
382	101.59	
383	70.93	
384	30.43	
385	17.11	
386	20.29	
387	11.60	
388	63.22	
389	35.61	
390	25.82	
391	22.01	
392	20.29	
393	41.65	
394	16.88	
395	36.69	
396	61.97	
397	64.78	
398	33.86	
399	32.47	
400	26.18	
401	17.61	
402	28.14	
403	34.19	
404	34.80	
405	16.41	
406	49.21	
407	54.44	
408	230.25	
409	71.38	
410	30.61	
411	25.94	
412	33.57	
413	26.55	
414	26.75	
415	31.45	
416	37.74	
417	24.79	
418	44.19	
419	33.81	
420	74.28	
421	55.20	
422	111.30	
423	39.32	
424	16.88	
425	12.46	
426	24.98	
427	12.39	
428	11.60	
429	25.32	
430	10.15	
431	10.07	
432	49.13	
433	13.55	
434	23.94	
435	11.94	
436	52.50	
437	17.88	
438	23.91	
439	26.70	
440	23.51	
441	22.68	
442	11.60	
443	25.47	
444	32.64	
445	35.59	
446	27.62	
447	15.15	
448	23.50	
449	29.91	
450	21.54	
451	12.95	
452	13.14	
453	14.07	
454	25.94	
455	36.52	
456	61.66	
457	31.46	
458	32.15	
459	8.90	
460	27.02	
461	24.17	
462	17.79	
463	29.61	
464	10.14	
465	50.11	
466	7.96	
467	56.89	
468	28.94	
469	13.84	
470	37.41	
471	52.55	
472	27.80	
473	65.40	
474	34.35	
475	24.04	
476	23.94	
477	25.20	
478	59.80	
479	21.98	
480	24.17	
481	21.39	
482	20.75	
483	22.51	
484	25.32	
485	20.29	
486	21.43	
487	27.71	
488	20.48	
489	15.77	
490	21.09	
491	15.21	
492	14.67	
493	37.85	
494	34.96	
495	57.89	
496	40.83	
497	44.63	
498	59.65	
499	39.15	
500	27.60	
501	23.64	
502	9.16	
503	37.53	
504	13.84	
505	29.37	
506	24.30	
507	26.42	
508	15.56	
509	20.75	
510	16.93	
511	6.29	
512	344.58	
513	363.89	
514	46.57	
515	40.21	
516	40.57	
517	80.30	
518	48.08	
519	25.17	
520	29.70	
521	23.40	
522	66.79	
523	340.95	
524	357.72	
525	26.89	
526	29.45	
527	75.75	
528	110.49	
529	62.27	
530	83.09	
531	38.87	
532	32.93	
533	56.34	
534	631.73	
535	304.41	
536	37.75	
537	98.28	
538	19.70	
539	28.53	
540	28.70	
541	104.29	
542	87.17	
543	44.63	
544	38.27	
545	41.54	
546	19.89	
547	22.26	
548	17.52	
549	25.07	
550	12.83	
551	21.43	
552	25.94	
553	15.56	
554	34.23	
555	13.61	
556	26.45	
557	31.15	
558	8.06	
559	24.20	
560	47.28	
561	13.55	
562	23.91	
563	19.90	
564	56.11	
565	39.02	
566	26.55	
567	31.68	
568	25.48	
569	19.17	
570	15.92	
571	22.96	
572	14.34	
573	19.16	
574	25.94	
575	23.94	
576	45.31	
577	22.40	
578	49.59	
579	14.35	
580	19.21	
581	17.80	
582	12.58	
583	32.82	
584	26.46	
585	245.74	
586	209.65	
587	190.44	
588	548.31	
589	435.26	
590	79.02	
591	67.10	
592	36.64	
593	120.81	
594	31.86	
595	32.74	
596	21.97	
597	64.28	
598	31.49	
599	40.58	
600	34.81	
601	45.92	
602	85.78	
603	58.09	
604	173.61	
605	28.72	
606	580.16	
607	315.28	
608	172.87	
609	42.29	
610	509.61	
611	34.98	
612	35.44	
613	27.62	
614	28.14	
615	28.14	
616	147.43	
617	103.95	
618	36.32	
619	106.44	
620	20.94	
621	26.69	
622	44.04	
623	49.09	
624	427.57	
625	22.79	
626	27.48	
627	25.48	
628	24.30	
629	30.64	
630	25.07	
631	41.50	
632	47.29	
633	27.48	
634	24.72	
635	20.29	
636	12.58	
637	18.87	
638	17.48	
639	28.47	
640	22.40	
641	21.54	
642	30.43	
643	303.89	
644	29.05	
645	25.48	
646	40.98	
647	18.02	
648	24.04	
649	32.81	
650	13.55	
651	17.62	
652	39.41	
653	24.20	
654	24.97	
655	32.47	
656	610.33	
657	58.65	
658	18.71	
659	12.39	
660	23.87	
661	19.25	
662	38.27	
663	16.36	
664	21.54	
665	25.16	
666	20.49	
667	26.18	
668	21.42	
669	20.75	
670	25.47	
671	17.53	
672	17.88	
673	24.04	
674	20.94	
675	25.17	
676	18.71	
677	17.53	
678	31.76	
679	25.48	
680	20.48	
681	15.15	
682	23.64	
683	21.43	
684	37.54	
685	32.08	
686	20.17	
687	13.61	
688	24.79	
689	15.57	
690	19.16	
691	13.38	
692	7.34	
693	11.94	
694	16.01	
695	15.20	
696	30.25	
697	23.20	
698	31.25	
699	53.09	
700	26.55	
701	20.13	
702	27.48	
703	19.69	
704	25.82	
705	33.86	
706	135.45	
707	27.02	
708	17.52	
709	39.19	
710	45.38	
711	58.75	
712	22.40	
713	24.43	
714	15.36	
715	25.94	
716	84.18	
717	36.31	
718	95.27	
719	82.87	
720	79.31	
721	179.45	
722	12.46	
723	11.60	
724	11.87	
725	14.35	
726	20.17	
727	20.64	
728	14.35	
729	15.92	
730	17.11	
731	12.58	
732	20.94	
733	7.12	
734	16.36	
735	36.49	
736	16.93	
737	62.68	
738	29.18	
739	47.83	
740	28.53	
741	24.20	
742	49.13	
743	34.55	
744	34.23	
745	100.64	
746	72.99	
747	35.59	
748	31.56	
749	27.71	
750	30.02	
751	15.15	
752	23.20	
753	25.94	
754	33.32	
755	24.43	
756	24.17	
757	15.57	
758	20.48	
759	17.80	
760	24.17	
761	30.46	
762	14.07	
763	40.34	
764	9.58	
765	29.34	
766	15.15	
767	33.97	
768	18.01	
769	46.97	
770	37.71	
771	25.94	
772	26.28	
773	33.03	
774	205.89	
775	140.98	
776	25.82	
777	27.60	
778	21.54	
779	23.74	
780	15.57	
781	11.60	
782	26.93	
783	16.36	
784	43.94	
785	31.25	
786	12.58	
787	24.21	
788	22.68	
789	15.15	
790	17.88	
791	11.32	
792	12.64	
793	20.14	
794	19.21	
795	16.41	
796	19.65	
797	20.29	
798	12.58	
799	18.70	
800	103.54	
801	358.36	
802	32.93	
803	38.59	
804	47.16	
805	31.07	
806	26.55	
807	19.65	
808	627.39	
809	650.87	
810	430.95	
811	568.06	
812	22.96	
813	17.48	
814	27.11	
815	13.55	
816	48.34	
817	25.07	
818	45.58	
819	56.18	
820	69.88	
821	15.36	
822	17.88	
823	15.15	
824	16.88	
825	11.60	
826	25.16	
827	14.35	
828	22.30	
829	55.15	
830	76.84	
831	102.98	
832	16.88	
833	15.36	
834	19.04	
835	57.75	
836	16.55	
837	15.15	
838	32.81	
839	13.38	
840	27.85	
841	24.43	
842	25.94	
843	17.48	
844	33.22	
845	14.24	
846	18.87	
847	21.43	
848	23.74	
849	19.57	
850	24.81	
851	20.94	
852	29.45	
853	19.53	
854	13.90	
855	37.41	
856	46.40	
857	33.88	
858	47.91	
859	49.09	
860	22.26	
861	137.18	
862	29.18	
863	21.97	
864	36.03	
865	24.17	
866	35.59	
867	25.17	
868	15.92	
869	22.79	
870	34.19	
871	35.52	
872	10.37	
873	15.30	
874	21.98	
875	17.79	
876	31.68	
877	26.18	
878	24.79	
879	16.88	
880	18.71	
881	17.12	
882	15.31	
883	22.69	
884	20.48	
885	51.88	
886	15.15	
887	38.26	
888	68.97	
889	46.63	
890	22.68	
891	613.86	
892	667.94	
893	900.82	
894	117.11	
895	978.01	
896	23.04	
897	32.30	
898	18.88	
899	11.94	
900	16.52	
901	22.57	
902	32.23	
903	53.71	
904	9.78	
905	40.85	
906	22.07	
907	13.53	
908	11.75	
909	15.83	
910	15.47	
911	5.03	
912	22.07	
913	17.11	
914	38.59	
915	13.92	
916	16.68	
917	37.78	
918	18.19	
919	18.68	
920	34.06	
921	44.21	
922	19.86	
923	25.63	
924	23.59	
925	25.81	
926	22.45	
927	16.68	
928	24.20	
929	17.21	
930	18.68	
931	16.88	
932	19.63	
933	32.00	
934	24.35	
935	120.22	
936	176.12	
937	60.95	
938	23.49	
939	37.88	
940	34.74	
941	29.75	
942	17.21	
943	19.63	
944	27.85	
945	20.26	
946	9.67	
947	24.90	
948	12.90	
949	20.98	
950	15.76	
951	18.92	
952	13.59	
953	12.17	
954	19.86	
955	14.87	
956	25.98	
957	26.75	
958	67.05	
959	26.72	
960	23.87	
961	20.26	
962	23.63	
963	20.98	
964	13.67	
965	18.68	
966	13.92	
967	12.45	
968	28.37	
969	18.37	
970	14.95	
971	13.67	
972	30.39	
973	78.55	
974	21.46	
975	24.58	
976	34.23	
977	37.88	
978	20.26	
979	15.40	
980	23.59	
981	31.10	
982	24.35	
983	10.89	
984	16.33	
985	15.18	
986	33.76	
987	39.30	
988	47.19	
989	256.67	
990	243.92	
991	37.96	
992	30.14	
993	13.80	
994	26.97	
995	27.49	
996	30.32	
997	23.98	
998	523.06	
999	11.07	
1000	37.47	
1001	24.44	
===============Statistical report===============
Distr./um	Mean/um	Amount	Freq.
1-98.8	49.9	875	87.50%
98.8-196.6	147.7	50	5.00%
196.6-294.4	245.5	27	2.70%
294.4-392.2	343.3	18	1.80%
392.2-490	441.1	9	0.90%
490-587.8	538.9	8	0.80%
587.8-685.6	636.7001	10	1.00%
685.6-783.4	734.5	1	0.10%
783.4-881.2	832.3	0	0.00%
881.2-979	930.1	2	0.20%
********************************************************

