*******************Nano Measurer 1.2.5*******************
********************************************************
==================Basic report==================
Total	101
Max./um	600.17
Min./um	15.21
Mean/um	233.84
No.	Particle size/um
1	241.65	
2	103.48	
3	590.19	
4	281.44	
5	198.46	
6	489.31	
7	320.55	
8	260.15	
9	159.67	
10	134.42	
11	456.31	
12	91.59	
13	475.03	
14	570.11	
15	223.62	
16	227.40	
17	435.88	
18	393.25	
19	437.53	
20	407.31	
21	370.53	
22	541.23	
23	391.44	
24	312.78	
25	600.17	
26	401.11	
27	332.34	
28	304.45	
29	553.51	
30	386.22	
31	91.46	
32	103.48	
33	213.20	
34	214.15	
35	345.08	
36	357.84	
37	270.75	
38	487.04	
39	328.63	
40	98.11	
41	133.17	
42	158.88	
43	217.63	
44	163.26	
45	243.62	
46	176.15	
47	110.87	
48	100.52	
49	135.77	
50	112.35	
51	196.99	
52	210.89	
53	134.41	
54	80.69	
55	83.53	
56	134.93	
57	231.37	
58	258.50	
59	79.96	
60	195.85	
61	73.16	
62	192.48	
63	166.77	
64	110.92	
65	82.31	
66	71.78	
67	105.71	
68	182.72	
69	101.46	
70	95.77	
71	129.53	
72	15.21	
73	185.18	
74	243.62	
75	88.21	
76	346.99	
77	61.31	
78	306.66	
79	241.53	
80	60.85	
81	118.86	
82	171.54	
83	419.93	
84	142.13	
85	226.57	
86	300.75	
87	383.01	
88	303.61	
89	76.99	
90	44.34	
91	49.59	
92	364.43	
93	324.83	
94	129.53	
95	296.56	
96	98.91	
97	91.60	
98	419.12	
99	95.15	
100	220.75	
101	117.51	
===============Statistical report===============
Distr./um	Mean/um	Amount	Freq.
15-73.6	44.3	7	6.93%
73.6-132.2	102.9	25	24.75%
132.2-190.8	161.5	14	13.86%
190.8-249.4	220.1	17	16.83%
249.4-308	278.7	9	8.91%
308-366.6	337.3	9	8.91%
366.6-425.2	395.9	9	8.91%
425.2-483.8	454.5	4	3.96%
483.8-542.4	513.1	3	2.97%
542.4-601	571.7	4	3.96%
********************************************************
 
