*******************Nano Measurer 1.2.5*******************
********************************************************
==================Basic report==================
Total	35
Max./um	4.30
Min./um	1.21
Mean/um	2.56
No.	Particle size/um
1	3.34	
2	3.14	
3	2.88	
4	3.04	
5	2.27	
6	4.30	
7	3.18	
8	4.06	
9	1.51	
10	1.21	
11	1.87	
12	2.39	
13	1.35	
14	2.11	
15	2.31	
16	2.28	
17	2.14	
18	1.86	
19	1.69	
20	1.52	
21	1.86	
22	1.78	
23	2.14	
24	3.47	
25	3.27	
26	2.81	
27	2.58	
28	2.75	
29	4.05	
30	1.75	
31	3.54	
32	2.42	
33	2.35	
34	3.95	
35	2.52	
===============Statistical report===============
Distr./um	Mean/um	Amount	Freq.
1-1.4	1.2	2	5.71%
1.4-1.8	1.6	5	14.29%
1.8-2.2	2	6	17.14%
2.2-2.6	2.4	8	22.86%
2.6-3	2.8	3	8.57%
3-3.4	3.2	5	14.29%
3.4-3.8	3.6	2	5.71%
3.8-4.2	4	3	8.57%
4.2-4.6	4.4	1	2.86%
4.6-5	4.8	0	0.00%
********************************************************
 