*******************Nano Measurer 1.2.5*******************
********************************************************
==================Basic report==================
Total	38
Max./um	5.52
Min./um	1.40
Mean/um	3.05
No.	Particle size/um
1	2.70	
2	2.47	
3	3.02	
4	3.22	
5	2.82	
6	4.95	
7	2.39	
8	2.10	
9	2.54	
10	1.91	
11	1.99	
12	2.40	
13	3.15	
14	3.14	
15	3.29	
16	5.33	
17	2.70	
18	3.68	
19	2.04	
20	2.41	
21	2.36	
22	3.52	
23	3.27	
24	4.16	
25	2.23	
26	2.50	
27	1.40	
28	2.01	
29	2.51	
30	3.46	
31	3.52	
32	3.43	
33	4.20	
34	2.09	
35	2.94	
36	4.27	
37	4.17	
38	5.52	
===============Statistical report===============
Distr./um	Mean/um	Amount	Freq.
1-1.5	1.25	1	2.63%
1.5-2	1.75	2	5.26%
2-2.5	2.25	10	26.32%
2.5-3	2.75	7	18.42%
3-3.5	3.25	8	21.05%
3.5-4	3.75	3	7.89%
4-4.5	4.25	4	10.53%
4.5-5	4.75	1	2.63%
5-5.5	5.25	1	2.63%
5.5-6	5.75	1	2.63%
********************************************************
 