*******************Nano Measurer 1.2.5*******************
********************************************************
==================Basic report==================
Total	40
Max./um	6.73
Min./um	2.03
Mean/um	4.04
No.	Particle size/um
1	6.37	
2	4.36	
3	2.43	
4	3.08	
5	5.39	
6	5.50	
7	2.64	
8	3.41	
9	2.58	
10	4.41	
11	4.76	
12	4.46	
13	3.79	
14	4.89	
15	3.46	
16	4.12	
17	3.11	
18	3.65	
19	2.03	
20	3.16	
21	2.83	
22	2.32	
23	2.62	
24	4.18	
25	2.28	
26	5.49	
27	5.46	
28	5.31	
29	3.69	
30	3.84	
31	4.22	
32	3.20	
33	5.25	
34	3.68	
35	3.57	
36	3.47	
37	4.83	
38	5.68	
39	5.31	
40	6.73	
===============Statistical report===============
Distr./um	Mean/um	Amount	Freq.
2-2.5	2.25	4	10.00%
2.5-3	2.75	4	10.00%
3-3.5	3.25	7	17.50%
3.5-4	3.75	6	15.00%
4-4.5	4.25	6	15.00%
4.5-5	4.75	3	7.50%
5-5.5	5.25	6	15.00%
5.5-6	5.75	2	5.00%
6-6.5	6.25	1	2.50%
6.5-7	6.75	1	2.50%
********************************************************
 