*******************Nano Measurer 1.2.5*******************
********************************************************
==================Basic report==================
Total	58
Max./um	906.03
Min./um	152.75
Mean/um	438.80
No.	Particle size/um
1	782.89	
2	763.99	
3	683.69	
4	620.19	
5	488.69	
6	683.01	
7	462.28	
8	599.00	
9	557.35	
10	579.07	
11	523.21	
12	319.04	
13	478.73	
14	472.84	
15	379.87	
16	405.45	
17	378.10	
18	399.79	
19	364.61	
20	453.13	
21	332.66	
22	547.00	
23	544.17	
24	392.05	
25	480.94	
26	477.50	
27	363.42	
28	537.95	
29	564.49	
30	152.75	
31	218.85	
32	561.40	
33	906.03	
34	259.27	
35	285.45	
36	289.28	
37	480.12	
38	375.22	
39	501.55	
40	397.75	
41	296.41	
42	364.62	
43	310.06	
44	425.48	
45	319.30	
46	348.07	
47	334.08	
48	344.85	
49	297.30	
50	337.04	
51	310.06	
52	397.38	
53	340.81	
54	464.56	
55	344.37	
56	284.26	
57	442.09	
58	427.14	
===============Statistical report===============
Distr./um	Mean/um	Amount	Freq.
152-227.5	189.75	2	3.45%
227.5-303	265.25	6	10.34%
303-378.5	340.75	16	27.59%
378.5-454	416.25	10	17.24%
454-529.5	491.75	10	17.24%
529.5-605	567.25	8	13.79%
605-680.5	642.75	1	1.72%
680.5-756	718.25	2	3.45%
756-831.5	793.75	2	3.45%
831.5-907	869.25	1	1.72%
********************************************************
 