*******************Nano Measurer 1.2.5*******************
********************************************************
==================Basic report==================
Total	52
Max./um	1003.21
Min./um	319.92
Mean/um	606.77
No.	Particle size/um
1	786.41	
2	987.13	
3	576.90	
4	659.73	
5	653.49	
6	829.66	
7	654.52	
8	492.11	
9	701.21	
10	551.46	
11	494.99	
12	687.97	
13	618.55	
14	766.72	
15	730.07	
16	1003.21	
17	652.96	
18	658.87	
19	777.05	
20	468.18	
21	409.30	
22	422.07	
23	516.93	
24	439.99	
25	439.28	
26	646.90	
27	838.62	
28	794.21	
29	550.69	
30	866.36	
31	578.00	
32	788.96	
33	895.20	
34	661.19	
35	444.91	
36	443.42	
37	479.65	
38	481.78	
39	579.24	
40	613.29	
41	522.02	
42	690.91	
43	577.82	
44	505.64	
45	359.03	
46	319.92	
47	411.02	
48	326.18	
49	494.71	
50	461.40	
51	556.93	
52	685.24	
===============Statistical report===============
Distr./um	Mean/um	Amount	Freq.
319-387.5	353.25	3	5.77%
387.5-456	421.75	7	13.46%
456-524.5	490.25	10	19.23%
524.5-593	558.75	7	13.46%
593-661.5	627.25	9	17.31%
661.5-730	695.75	4	7.69%
730-798.5	764.25	6	11.54%
798.5-867	832.75	3	5.77%
867-935.5	901.25	1	1.92%
935.5-1004	969.75	2	3.85%
********************************************************
