*******************Nano Measurer 1.2.5*******************
********************************************************
==================Basic report==================
Total	49
Max./um	774.61
Min./um	129.22
Mean/um	386.73
No.	Particle size/um
1	243.01	
2	341.82	
3	423.90	
4	264.55	
5	373.12	
6	384.43	
7	129.22	
8	322.91	
9	613.80	
10	341.87	
11	404.33	
12	391.72	
13	293.51	
14	506.03	
15	462.44	
16	457.91	
17	260.92	
18	472.46	
19	352.23	
20	555.10	
21	437.11	
22	274.39	
23	510.17	
24	479.95	
25	368.99	
26	266.63	
27	313.66	
28	442.02	
29	544.51	
30	209.55	
31	145.34	
32	336.75	
33	448.32	
34	479.07	
35	774.61	
36	494.24	
37	496.66	
38	256.52	
39	207.70	
40	313.08	
41	281.56	
42	453.77	
43	662.19	
44	270.34	
45	318.57	
46	294.95	
47	601.37	
48	231.97	
49	440.50	
===============Statistical report===============
Distr./um	Mean/um	Amount	Freq.
129-193.6	161.3	2	4.08%
193.6-258.2	225.9	5	10.20%
258.2-322.8	290.5	11	22.45%
322.8-387.4	355.1	8	16.33%
387.4-452	419.7	7	14.29%
452-516.6	484.3	10	20.41%
516.6-581.2	548.9	2	4.08%
581.2-645.8	613.5	2	4.08%
645.8-710.4	678.1	1	2.04%
710.4-775	742.7	1	2.04%
********************************************************
 
