*******************Nano Measurer 1.2.5*******************
********************************************************
==================Basic report==================
Total	49
Max./um	1857.23
Min./um	440.07
Mean/um	738.97
No.	Particle size/um
1	667.99	
2	641.80	
3	701.07	
4	590.49	
5	682.73	
6	1857.23	
7	1070.82	
8	752.85	
9	1036.39	
10	770.26	
11	623.35	
12	936.87	
13	649.41	
14	648.84	
15	537.83	
16	626.06	
17	488.18	
18	617.62	
19	611.91	
20	745.78	
21	774.95	
22	822.00	
23	784.76	
24	751.35	
25	847.91	
26	602.12	
27	883.35	
28	1262.39	
29	512.46	
30	500.71	
31	468.26	
32	448.74	
33	665.52	
34	701.07	
35	954.87	
36	747.13	
37	440.07	
38	796.19	
39	974.35	
40	736.30	
41	893.32	
42	541.74	
43	791.29	
44	789.84	
45	755.36	
46	751.56	
47	616.79	
48	582.10	
49	555.41	
===============Statistical report===============
Distr./um	Mean/um	Amount	Freq.
440-581.8	510.9	9	18.37%
581.8-723.6	652.7	16	32.65%
723.6-865.4	794.5	15	30.61%
865.4-1007.2	936.3	5	10.20%
1007.2-1149	1078.1	2	4.08%
1149-1290.8	1219.9	1	2.04%
1290.8-1432.6	1361.7	0	0.00%
1432.6-1574.4	1503.5	0	0.00%
1574.4-1716.2	1645.3	0	0.00%
1716.2-1858	1787.1	1	2.04%
********************************************************
 